pa [1]巴粑吧疤芭笆琶杷 [2]爸 [3]把靶邑{大便；脏东西} [5]八罢霸坝□{摔} 
po[1]波玻菠 [3]簸钵跛 [5]博拨薄勃驳脖剥播搏簿缚{老}
pe [2]伯 [5]白百佰铂柏帛陌粕
pi [1]逼 [3]比彼 [5]鼻蔽必笔币毕壁碧闭弊璧毙敝婢箅{~子}备痹惫
pia [3]瘪{扁}
pie [1]憋鳖 [5]别
pu [3]补 [5]布不部卜讣
pai [1]拜{∽拜}跛{~子，瘸，摇摆} [3]摆 [5]拜{∽年}败湃
pei [1]杯背{~包}悲碑卑[3]□{～整，打理，收拾}□{骗}[5]背{∽笼}倍贝辈碚臂{老}秘{∽密}
pau [1]包抱胞苞孢狍 [3]宝保堡饱煲褓鸨 [5]抱报爆暴鲍曝齙范刨豹
pəu [1]褒{老}
piau [1]标彪镖膘□{迅速地跑，滑过}[3]表裱婊[5]□{“不要”的合音}
pan [1]班般搬斑颁扳瘫掰[3]版板□{~命} [5]办半伴拌瓣扮
pən [1]崩绷{∽带}奔{~跑} [3]本苯 [5]奔{~脱}笨捹{扯扯~~}
paŋ [1]邦帮梆{~硬}[3]绑膀榜磅{一∽}镑泵 [5]棒镑
poŋ [1]绷[3]乓砰[5]蹦
piɛn [1]边编鞭[3]扁{~担}贬匾煸掮{捶，打}[5]便辩辨变卞辫遍
pin [1]斌彬宾滨濒缤殡兵冰 [3]饼柄丙炳秉禀摒乒 [5]鬓并病
pʰa [1]□{软的；熟透了；腐烂了}□{泡，量词，一~口痰}琶 [2]爬扒{~~儿}耙拔老 [3]啪趴 [5]怕帕拔跋
pʰo [1]坡 [2]婆 [3]剖颇□{出手大方} [5]破泼{~烦}
pʰe [5]迫拍泊魄箔舶
pʰi [2]皮啤匹脾疲 [3]否鄙 [5]屁僻辟癖痹避庇
pʰia [3]啪
pʰie [3]蹩{扭脚}□{折} [5]撇㡀{~火药，不好，差}
pʰu [1]铺潽{液体沸腾后溢出}捕{老} [2]蒲葡菩噗{∽鼾}浮{白，漂} [3]谱普浦朴埔甫哺{老}脯{老}捕{老} [5]瀑铺仆步{老}簿{老}赴{老}勃渤卜荸
pʰai [2]排牌 [5]派湃
pʰei [1]胚批披坯 [2]培陪赔裴 [3]呸 [5]配佩沛譬
pʰau [1]抛泡{~子，泡沫} [2]袍咆刨 [3]跑 [5]泡炮
pʰəu [3]剖{又}
pʰiau [1]漂{~浮}飘鳔 [2]瓢嫖 [3]瞟熛{火燎毛} [5]票漂{放在水里浸泡}鳔
pʰan [1]潘攀蟠 [2]盘 [5]盼判叛畔绊
pʰən [1]凴{~~椅}喷 [2]盆膨澎彭
pʰaŋ [1]胮{~臭} [2]旁庞 [3]掽{~倒，触动} [5]胖
pʰoŋ [1]埄{~灰，物体蒙上灰尘}喷{∽香} [2]蓬篷棚鹏朋 [3]捧 [5]碰
pʰiɛn [1]篇偏翩 [2]便{~宜} [3]片{瓦~儿}匾 [5]骗片遍
pʰin [1]拼 [2]频嫔贫平坪萍凭评瓶屏苹濒 [3]品 [5]聘
ma [1]妈 [2]麻嘛 [3]马嘛码玛蚂 [5]骂抹
mo [1]摸 [2]磨魔模膜馍蘑 [3]抹 [5]末没莫沫漠茉寞暮墓慕
me [5]麦脉默衊{∽蚊儿}墨
mi [1]咪眯 [2]迷猕眉 [3]米靡 [5]蜜觅泌密秘宓幂谜
mie [1]咩□{~开，掰，分开} [2]蔑{神气的样子}篾{~刀} [3]□{~开，掰，分开} [5]蔑{污~}灭
mu [2]模牟侔眸□{~到，只} [3]母姆牡拇 [5]幕募慕木目穆牧沐睦没{沉∽}殁
mai [2]埋 [3]买 [5]卖迈
mei [1]没 [2]梅枚眉{新}煤酶霉媒玫嵋莓 [3]美每 [5]妹媚魅昧
mau [1]猫毛{眉~} [2]矛茅锚牦毛 [3]铆卯 [5]冒帽貌
miau [1]喵 [2]苗描瞄 [3]秒淼渺缈邈藐杳 [5]妙庙
man [2]蛮瞒馒 [3]满螨 [5]慢漫蔓曼
mən [2]们门扪 [3]满{白，水~了} [5]闷焖□{溢出来}
maŋ [1]莽 [2]忙盲芒茫 [3]蟒□{吃~~,吃饭，多用于儿童}
moŋ [1]懵 [2]蒙檬朦谋盟 [3]猛亩某牡 [5]梦孟茂贸
miɛn [2]绵棉眠 [3]免缅勉価冕 [5]面
min [1]□{∽甜} [2]明民名铭鸣冥茗瞑盟 [3]悯敏皿闽抿 [5]命
fa [5]伐乏筏发罚法阀砝
fuᶹ [1]敷夫肤孵桴{~碳儿}呼俘蜉 [2]符扶浮拂芙孚辐涪胡乎湖糊壶狐弧葫蝴伏蝠葫瑚猢 [3]府辅抚斧腐俯腑虎浒琥唬 [5]副赋腹复赴附付富负覆妇父傅缚{新}阜馥户沪互护福幅服忽氟伏佛斛瓠怙惚囫
fai [1]番{~芍，红薯}
fei [1]非飞菲妃 [2]肥 [3]匪绯翡蜚 [5]废肺费沸痱
fəu [5]埠
fan [1]番翻藩 [2]烦繁樊凡梵帆藩 [3]返反 [5]范饭犯泛贩
fən [1]芬分纷 [2]坟焚 [3]粉 [5]愤份粪奋氛喷{~雾器}
faŋ [1]方芳 [2]防房妨肪 [3]访仿舫纺肪 [5]放
foŋ [1]风封峰蜂烽丰疯锋枫缝{裁~} [2]逢冯缝 [3]讽否 [5]凤奉俸
ta [3]打耷{下垂}□{~麦子，摔打，使麦子脱粒}□{~了一扑爬，足跌}哒 [5]大搭答达
to [1]多 [3]朵躲 [5]铎夺剁惰堕跺舵咄戳
te [5]德得
ti [1]低□{~~儿，形容很少} [3]底抵 [5]第地滴敌迪帝递弟蒂狄笛谛嫡隶的{目~}
tia [1]□{提} [5]滴{白}
tie [1]爹 [5]跌叠碟蝶
tu [1]都嘟 [3]赌堵睹 [5]读度杜渡笃独毒肚镀妒□{~鱼，一种烹调鱼的方法}督
tai [1]襶{褦，形容不爱干净}呆 [3]逮歹傣 [5]带戴代殆待袋贷黛岱
tei [5]对{老}
tau [1]刀叨 [3]岛导捣祷倒{~拐，转弯} [5]到道盗稻悼倒铸{白，锅，把金属熔化后倒在模子里制成容器}导蹈
təu [1]都逗兜蔸{~~儿，蔬菜或草木的根或靠近根部的茎}头{锄～} [3]抖陡蚪斗{一~碗，一整碗} [5]窦斗豆痘
tiau [1]雕刁貂凋碉叼挑{~选} [3]屌{神气} [5]掉调吊钓
tiəu [1]丢
tuei [1]堆 [5]对队兑碓{~窝，石臼}
tan [1]单丹耽眈坍 [3]胆掸□{～菜，将菜放进沸水中稍煮一下}  [5]淡旦蛋弹担氮诞但
tən [1]登灯□{一~钱，量词，相当于栋、块、摞}敦{~笃，身体粗壮结实}蹲墩 [3]等□{鞋子~~儿，较厚的木块或石头} [5]邓瞪蹬澄顿凳钝盾吨炖遁沌盹
taŋ [1]铛当裆 [2]铛{打~~,小孩摇动铃铛} [3]党挡档 [5]宕荡当{∽铺}凼{水~~儿，有水的小坑}
toŋ [1]东冬 [3]懂董咚胴{胖~~,用在形容词后表示胖厚貌} [5]冻栋动洞
tiɛn [1]颠癫巅 [3]点典掂碘腆 [5]店电殿奠佃垫甸淀惦靛踮腚
tin [1]丁叮钉 [2]盯 [3]鼎顶 [5]订定锭{~子，拳头}
tuan [1]端 [3]短断{白，~到，拦截} [5]断段锻缎煅
tuən [1]蹲敦墩 [5]顿钝盾吨炖沌
tʰa [1]他她它 [5]踏塔榻塌沓
tʰo [1]拖 [2]驼陀沱鸵坨{一~,量词} [3]妥椭軃{下垂} [5]托拓唾脱
tʰe [5]特忑
tʰi [1]梯锑{∽锅} [2]提题蹄啼缇堤 [3]体 [5]替踢剃剔屉惕缔涤
tʰie [5]贴铁帖特
tʰu [2]图涂途徒屠 [3]土吐 [5]兔突凸秃
tʰai [1]胎 [2]台抬苔蔓{飙~~儿，植物生长到一定阶段长出的茎} [3]大{白，好~} [5]太泰汰态傣
tʰau [1]韬掏滔叨□{~人，骂人} [2]逃陶淘桃堂{~屋}涛掏 [3]讨 [5]套导蹈
tʰəu [1]偷 [2]头投 [3]抖 [5]透
tʰiau [1]挑 [2]条调窕 [3]调{∽东西，交换东西，训读} [5]跳眺
tʰuei [1]推 [2]颓 [3]腿 [5]褪退蜕
tʰan [1]摊贪瘫 [2]谈痰谭潭坛弹檀昙 [3]坦毯 [5]碳叹炭
tʰən [1]吞 [2]藤滕腾眷 [3]□{打~,在土坎儿上歇息} [5]□{争，抢}
tʰaŋ [1]汤□{~到，负责} [2]堂棠唐糖塘膛 [3]躺淌 [5]趟烫
tʰoŋ [1]通 [2]同铜童筒桐瞳彤 [3]桶捅统 [5]痛
tʰiɛn [1]天添 [2]田填甜 [3]舔
tʰin [1]厅 [2]停庭廷亭婷艇霆挺{叶~} [3]挺 [5]听
tʰuan [2]团
tʰuən [1]吞 [2]屯臀豚囤
na [1]拉啦垃 [2]拿 [3]喇哪 [5]辣蜡腊那纳捺娜
no [1]啰 [2]罗螺萝锣箩骡逻挪 [3]裸了{吃~}□{动词，混着通过} [5]洛落络骆烙乐糯懦诺酪
ne [1]的{我~} [2]来 [5]勒肋
ni [1]□{踩，踏}的{我~} [2]离黎梨厘犁篱 [3]理里李礼鲤锂狸 [5]例力笠丽历莉利栗立粒厉励沥吏荔璃隶俪骊莅鹂
nia [1]□{踩，踏} [5]捩{落，掉}
nie [5]烈列劣裂猎例
nu [1]路{白，活∽} [2]炉卢芦庐颅泸奴 [3]鲁卤努 [5]路录露陆鹿禄璐碌鹭赂绿怒律{一~}六氯
ny [2]驴 [3]吕履铝旅屡缕侣 [5]虑率滤
nai [1]褦{~襶}奶{∽奶，乳房}那{白} [2]来莱 [3]乃奶 [5]赖癞籁耐奈
nei [1]那
nau [1]捞 [2]牢劳痨{~肠刮肚，久未食肉导致胃部难受}醪挠捞 [3]老姥㧯{∽柴，拿柴}脑恼瑙 [5]涝痨{~药，毒药}闹
nəu [2]楼□{∽得很，衣冠不整} [3]篓搂 [5]漏露陋
niau [2]疗辽瞭潦燎聊 [3]了 [5]料廖撂{~了，扔掉}
niəu [1]溜绺{一~纸，量词，用于条状物} [2]流刘留硫瘤遛琉浏榴熘馏 [3]柳
nuei [2]雷蕾 [3]蕾垒磊屡累{果实∽∽，积∽}儡 [5]类泪累内擂
nan [2]蓝兰栏拦岚篮澜斓南男难楠 [3]览揽榄懒缆婪漤{~菜，用盐等浸泡} [5]滥烂婪
nən [2]棱轮老仑伦愣 [3]冷抡{∽牌，捻牌} [5]愣嫩论沦
naŋ [1]躼{~巴儿，身体瘦小貌} [2]廊郎狼琅榔螂 [3]朗 [5]浪阆晾
noŋ [1]聋弄 [2]龙隆笼珑农浓脓 [3]拢垄 [5]弄
niɛn [2]联连廉莲帘怜镰 [3]脸 [5]练恋链炼琏敛
nin [2]林琳鳞临淋邻磷霖麟凌玲灵伶零岭铃龄陵灵羚绫拎拧{∽螺丝}泞 [3]领 [5]蔺吝赁另令凝{~固}苓
niaŋ [2]凉梁良粮粱 [3]两辆 [5]量亮靓晾谅
nuan [2]孪拦{白，拦着} [3]卵 [5]乱
nuən [2]仑轮伦抡 [5]论沦
tsɿ [1]兹资姿滋咨孜 [3]子梓紫籽姊滓 [5]字自
tsa [5]杂砸咋柞{∽蚕}
tso [1]坐{白} [3]左 [5]作佐坐座昨撮
tse [5]则责择仄摘窄
tsu [1]租 [3]组祖阻诅 [5]卒做足著助
tsai [1]灾栽 [3]仔宰崽 [5]在再载
tsau [1]糟沼焦{老，脆} [2]遭着 [3]早澡枣藻蚤 [5]燥灶噪躁皂□{调皮}糙{老}
tsəu [1]邹 [3]走帚{~帕} [5]奏揍诌
tsuei [2]贼 [3]嘴 [5]最罪醉
tsan [1]簪 [3]攒 [5]赞暂蘸
tsən [1]曾增尊争峥睁狰筝挣{∽扎} [3]怎 [5]赠憎挣{∽脱}
tsaŋ [1]脏赃臧 [2]□{有目标的扔、掷} [5]奘葬藏障帐账仗丈杖胀
tsoŋ [1]宗综踪棕舂 [3]总 [5]纵粽皱
tsuan [1]钻{乱~} [3]□{一~头发，量词，把，撮} [5]钻{~石}转
tsuən [1]尊遵
tsʰɿ [2]词辞磁慈瓷雌祠 [3]此 [5]次刺赐伺秩滞茨
tsʰa [2]擦 [5]擦
tsʰo [1]搓□{~一顿，吃一顿} [2]□{傻~~,词缀，愚蠢的样子} [5]错撮挫措痤戳{∽牌}凿
tsʰe [1]□{~过去，转过去} [5]测策侧册厕恻择拆泽宅
tsʰu [1]粗初雏 [2]锄 [3]楚础杵 [5]醋促簇猝族束{老}措镞
tsʰai [1]猜 [2]才材财裁 [3]采彩睬 [5]菜蔡
tsʰau [1]操糙[2]曹槽漕嘈□{久不吃荤食导致胃上难受的感觉}螬{~虫，蛔虫} [3]草 [5]□{骂人的话}□{搅，翻动}燥{~热}躁造噪
tsʰəu [1]搊{∽起，用力掀起} [2]稠愁 [3]□{~到了，捡到便宜了} [5]凑骤
tsʰuei [1]摧催崔揣趋{老} [3]璀 [5]脆翠萃粹悴碎
tsʰan [1]餐参掺□{~水，灌水}□{~子，很小的鱼} [2]残蚕惭 [3]惨产阐掸 [5]灿璨
tsʰən [1]撑{~子，伞}称瞠睁{白} [2]曾层岑 [3]□{按住} [5]蹭
tsʰaŋ [1]仓苍舱沧 [2]藏 [3]厂敞 [5]倡唱畅创{∽造}
tsʰoŋ [1]聪葱匆囱憧 [2]从丛崇
tsʰuan [1]□{打~~,走路不稳，东倒西歪} [5]窜蹿篡
tsʰuən [1]村 [3]蠢 [5]寸                                                                       
sɿ [1]思斯丝司私撕师狮 [3]死 [5]四寺饲巳肆祀什{家~}事士仕伺
sa [3]洒{~水}撒 [5]萨洒{抛~,浪费}□{穿鞋时鞋后帮不提起而踩在脚后跟下}
so [1]梭唆 [2]□{粗略地看}嗦{表疑问或反问语气} [3]所锁索琐 [5]缩嗦率蟀
se [5]塞涩色啬蚀{～财免灾，亏损}
su [1]酥苏树{老，疑}疏梳蔬 [3]数 [5]素诉宿塑肃溯俗粟速数
sai [1]腮噻鳃塞{~牙缝} [5]塞{出~}赛
sau [1]骚搔 [3]嫂 [5]扫{~把}潲{~水}臊{∽子，用肉类等烹调好加在面条上食用}
səu [1]搜飕艘馊 [3]艘 [5]嗽瘦
suei [2]随髓隋 [5]岁碎祟絮{棉~}隧遂
san [1]三 [2]婵蝉禅 [3]散{打~}伞馓{~子， 一种油炸面食} [5]散{解~}涮{∽坛子，开玩笑}
sən [1]森僧甥孙生牲笙 [2]承{∽不起}晨{早~}神乘辰 [3]沈审省损笋 [5]甚肾蜃胜圣盛剩
saŋ [1]桑 [3]嗓□{～起个脸，板着脸}爽 [5]丧
soŋ [1]松嵩淞 [2]□{笨，不好} [3]耸怂□{顶撞} [5]宋送颂讼诵
suan [1]酸 [5]算蒜
suən [1]孙荪 [3]损笋 
tʂʅ [1]知支枝汁脂芝肢吱栀 [3]指只纸止旨址趾 [5]至值{价~}置直痣志质致制治智职执植挚侄稚秩殖汁老痔帜蛰老{惊~}织翅炽
tʂa [1]渣楂奓{~牙舞爪，手脚张开，不雅观的样子} [3]□{∽起，捧场助威}館{~肉，用盐米粉等腌制肉或其他菜} [5]诈炸闸眨栅铡扎榨{~称，比重大}
tʂo [5]浊桌拙酌卓着啄镯茁
tʂe [1]这遮 [3]者 [5]折摺哲浙蛰蔗蜇翟这
tʂu [1]珠猪诸朱株诛蛛茱 [3]主煮 [5]注竹助驻住祝著轴逐柱筑铸烛竺蛀触粥矗
tʂua [1]抓 [3]□{手指弯曲不能随意屈伸}爪 [5]□{~子，用于疑问，干什么}啄{~起个脑壳，低垂着脑袋}
tʂai [1]斋 [5]债寨
tʂei [1]这
tʂau [1]招朝昭钊沼 [2]着 [3]爪找□{∽起来，收束，捆扎} [5]照赵兆罩肇诏召
tʂəu [1]周州舟粥洲 [3]肘 [5]皱咒骤昼宙
tʂuai [1]摔 [2]拽{∽实，结实} [3]跩{得意，了不起之状}
tʂuei [1]追锥椎 [5]缀赘坠
tʂan [1]詹粘沾毡 [3]展盏斩崭 [5]站占战蘸湛栈颤
tʂən [1]臻真针珍贞侦征蒸疹诊缜 [3]枕整拯振震赈鸩 [5]震镇阵正证郑挣症政澄{把水∽清}
tʂaŋ [1]章张彰樟璋 [3]长涨掌 [5]障帐账仗丈杖胀
tʂoŋ [1]中钟盅忠终衷 [3]肿种 [5]重仲众
tʂuaŋ [1]庄装状桩妆 [3]奘{~起，添，凑} [5]撞壮幢
tʂuan [1]专砖 [3]转{∽车，换乘车} [5]转{~转儿}赚传
tʂuən [41}准
tʂʰʅ [1]痴□{～脚动手，动手动脚的} [2]持池迟驰弛 [3]耻齿侈 [5]吃尺赤翅斥
tʂʰa [1]差叉踏{∽到水了，踩到水} [2]查察茶茬 [3]□{~开，张，敞开；形容话很多} [5]插岔
tʂʰo [5]龊辍茁拙浊
tʂʰe [1]车 [3]扯 [5]撤彻澈
tʂʰu [1]初{存疑} [2]除厨储 [3]楚{存疑}础{存疑}杵拄 [5]出处触畜
tʂʰai [1]钗差{出~} [2]柴豺 [3]踩
tʂʰau [1]超抄钞 [2]巢潮朝嘲 [3]吵炒
tʂʰəu [1]抽 [2]愁仇筹酬绸 [3]丑 [5]臭
tʂʰuai [3]喘舛 [5]踹{∽妇，泼妇}
tʂʰuei [1]吹炊 [2]垂锤槌捶
tʂʰan [1]搀 [2]馋缠 [3]产{资料有记}阐掸{～耳巴，用条状物抽打}孱 [5]□{牛肉~~}颤
tʂʰən [1]称呻{~唤}伸 [2]沉陈臣尘成城承呈程诚橙澄丞盛 [3]惩 [5]趁衬秤慎
tʂʰaŋ [1]昌娼 [2]长场{赶~}肠 [3]厂敞 [5]倡唱畅
tʂʰoŋ [1]冲充衷囱 [2]虫重 [3]宠 [5]冲{~菜，用芥菜苔做成的小菜，味道辛辣冲鼻}
tʂʰuaŋ [1]疮窗 [2]床 [3]闯撞 [5]创
tʂʰuan [1]穿川 [2]船传 [3]喘铲 [5]串
tʂʰuən [1]春 [2]唇醇鹑 [3]蠢
ʂʅ [1]是{白}施虱尸诗 [2]匙时 [3]史使始屎驶 [5]嗜柿势式十视室湿市饰示石誓试逝世氏食识实拾豉失是
ʂa [1]沙纱砂莎鲨裟痧 [5]杀煞啥刹
ʂo [5]说硕烁勺芍
ʂe [1]奢赊 [2]蛇 [3]舍 [5]摄涉赦设社射舌
ʂu [1]书输舒殊抒树{白} [3]数属署薯暑鼠墅 [5]树述戍术数叔竖淑束恕塾熟赎
ʂua [3]耍厦 [5]刷
ʂai [1]筛 [5]晒
ʂau [1]烧稍{∽箕} [2]芍勺苕 [3]少{~了}晌{~午} [5]绍邵少{∽爷}哨艄
ʂəu [1]收 [3]手守首 [5]兽寿授售受
ʂuai [1]衰 [3]甩 [5]帅率蜂
ʂuei [3]水 [5]税睡瑞
ʂan [1]山衫杉煽苫 [2]蝉蝉禅蟾 [3]闪陕 [5]善膳扇擅汕赡鳝疝
ʂən [1]深身申参伸绅声升牲 [2]神乘晨承辰 [3]沈审 [5]甚肾胜圣盛剩
ʂaŋ [1]伤商 [2]裳常尝 [3]赏 [5]上尚
ʂuaŋ [1]霜孀双 [3]爽
ʂuan [1]拴栓珊删姗跚 [5]汕疝闩
ʂuən [2]纯醇绳唇淳 [3]瞬 [5]顺舜
ʐʅ [5]日
ʐo [5]弱若
ʐe [3]惹 [5]热
ʐu [2]如茹孺{伸}儒孺[3]辱乳[5]肉入
ʐau [2]饶尧{老}挠蛲 [3]扰 [5]绕
ʐəu [2]柔揉[5]肉
ʐuei [3]蕊[5]锐芮睿
ʐan [2]然燃[3]染
ʐən [2]人仁仍 [3]忍扔刃纫韧 [5]认壬任
ʐaŋ [2]□{容易破的} [3]壤攘酿 [5]让
ʐoŋ [2]茸绒戎
ʐuan [3]软阮
ʐuən [5]闰润孕
tɕi [1]机饥基鸡肌稽{新}讥畸□{~巴，粗俗语，男性生殖器}系{勒}企 [2]奇 [3]挤几己 [5]即济集级既冀忌极缉记计急继吉季剂技暨寄际纪疾祭辑寂脊妓嫉鲫籍绩迹去{白}系{~上}激杞及击积吸檄
tɕia [1]家加嘉佳稼 [3]贾假 [5]嫁架价甲驾钾夹
tɕie [3]姐 [5]借藉节截接结杰洁劫竭婕妾
tɕy [1]居鞠拘□{动词，刺}倨 [3]举矩 [5]句据俱具局距巨聚剧拒菊惧锯橘桔炬飓□{汲，吮吸}足卒娶
tɕye [5]绝倔决掘
tɕiai [1]皆阶 [3]解 [5]介戒界届械芥
tɕio [5]脚角觉爵
tɕiau [1]胶交教娇焦浇郊椒骄蕉跤 [2]□{得意} [3]剿缴搅绞饺狡侥姣{∽姣儿，情人}矫较 [5]叫觉轿嚼
tɕiəu [1]揪纠阉赳□{~~儿，小辫子}就{白} [3]酒久九韭□{拧} [5]就旧救臼究舅疚
tɕiɛn [1]间尖兼监坚肩煎奸艰 [3]碱拣减检简剪捡茧俭柬□{~巴郎，口吃的人}痫 [5]见鉴件箭建剑健渐贱舰荐践
tɕin [1]今金斤津筋巾矜精荆惊经京晶睛鲸 [3]仅紧锦谨瑾景井警颈 [5]进近浸尽禁晋劲靳劲静境敬净竟镜竞靖静婧□{牙齿打~~,牙齿遇冷酸等刺激后的不适感}
tɕiaŋ [1]将江姜疆浆僵刚{~才} [3]讲蒋奖桨 [5]降酱匠犟
tɕioŋ [3]囧炯炅
tɕyɛn [1]捐娟绢 [3]卷 [5]眷倦券卷
tɕyn [1]均钧军君 [3]窘迥炯 [5]俊郡骏竣胗{~子，胗子}
tɕʰi [1]期漆妻欺 [2]其奇齐骑旗琪棋琦麒歧 [3]起岂启企祈乞 [5]弃气七器汽契戚
tɕʰia [5]恰掐洽
tɕʰie [3]且 [5]切妾窃捷截劫捷睫
tɕʰy [1]区蛆趋驱躯黢□{附耳低声密语} [2]渠瞿蛐{∽鳝儿} [3]取娶 [5]趣屈{委～}祛麯{~子，酵母}曲族掘
tɕʰye [2]瘸茄 [5]缺
tɕʰio [3]觑{瞧，看} [5]雀确鹊却榷
tɕʰiau [1]悄跷{~~板} [2]桥乔侨荞憔 [3]巧 [5]翘窍撬俏
tɕʰiəu [1]秋丘邱蚯鳅口{熏} [2]求裘囚球□{本指男性生殖器，用作骂人粗话} [3]糗
tɕʰiɛn [1]迁千签牵铅谦骞歼笺纤 [2]前钱乾潜钳黔 [3]遣浅谴堑 [5]欠嵌倩茜歉芡扞{用锄头将土块浓碎}
tɕʰin [1]亲钦清青轻卿氢蜻 [2]秦琴擒芹勤禽情晴岑衾 [3]寝请 [5]侵滟庆浸靖
tɕʰiaŋ [1]枪腔羌锵疆{老}僵 [2]墙强蔷 [3]抢 [5]像呛炝
tɕʰioŋ [2]琼穷邛
tɕʰyɛn [1]圈铅{老，待考} [2]全泉拳权诠痊□{~毛，拔毛} [3]犬浅 [5]劝
tɕʰyn [1]倾 [2]群裙琼 [3]顷
ɕi [1]西希稀熙昔曦羲犀些嘻畦 [2]习 [3]洗喜 [5]系习息戏细吸席悉袭惜析熄晰媳泣
ɕia [1]虾 [2]辖霞侠峡狭 [5]下夏瞎厦
ɕie [2]斜邪胁协 [3]写 [5]泻泄谢歇卸薛隙穴
ɕy [1]需须虚胥戌嘘□{~~眼儿，两眼长得细如∽条缝}虽绥 [2]徐俗 [3]许酗 [5]旭续序绪絮蓄恤叙婿遂隧速宿俗肃粟夙穗
ɕye [1]靴 [5]雪血穴削薛
ɕiai [2]谐孩{老文读}骸 [5]懈蟹{文}
ɕio [5]学
ɕiau [1]肖萧箫消销宵霄潇嚣硝逍捎{掀，揭} [2]淆 [3]小晓 [5]效孝啸笑校酵
ɕiəu [1]修休羞 [2]囚泅酋 [3]朽 [5]秀嗅绣袖锈
ɕiɛn [1]先仙鲜 [2]咸{~阳}贤嫌娴 [3]显险 [5]限县宪线现献陷腺羡
ɕin [1]新心馨鑫欣辛芯锌薪昕忻歆星兴{~奋}腥猩 [2]形行型刑邢 [3]醒擤惺{不认真，爱开玩笑} [5]信性姓幸杏兴{高~}□{∽疡，寒热导致颈部结块}焮{用微火使变热}
ɕiaŋ [1]相{~对}湘襄乡香箱厢镶 [2]祥翔详降 [3]响想享 [5]相{∽公}向象橡□{~火，烤火使热和}
ɕioŋ [1]胸凶兄匈汹 [2]雄熊
ɕyɛn [1]宜萱轩暄鲜掀渲 [2]玄悬旋{~转}舷 [3]癣选 [5]炫旋{打~~}眩绚
ɕyn [1]熏勋 [2]寻询循巡旬荀 [5]训讯逊迅汛驯殉
ka [1]家{白，~婆} [3]嘎□{~~,肉} [5]尬
ko [1]歌戈哥锅 [2]咯{鸡~~} [3]果裹桷 [5]个各鸽过郭角□{∽不得，合不来}割葛擱胳廓
ke [1]给 [3]□{有错误，不对} [5]隔格阁革疙割嗝
子
ku [1]孤姑菇咕辜 [3]古股鼓蛊估牯咕□{~~儿， 一种圆形大口的器皿} [5]顾故骨谷固雇锢酷蛊
kua [1]瓜 [3]剐寡 [5]卦挂刮褂
kue [5]国帼
kai [1]该街阶{～檐，屋檐遮蔽处} [3]改解 [5]盖钙丐
kau [1]高膏糕羔睾 [3]搞稿 [5]告窖较{白，~一下，试一试}觉{白，睡了一∽}
kəu [1]沟钩篝勾□{~子，屁股} [3]狗苟枸 [5]垢构够购
kuai [1]乖 [3]拐拐□{吃~了，吃错了} [5]怪
kuei [1]归规龟硅闺 [3]鬼轨诡 [5]跪贵桂柜瑰癸
kan [1]干{~涉}甘肝竿柑尴间{一~屋} [3]感敢赶杆{一~烟}秆橄擀 [5]干{~活路}赣
kən [1]跟根庚羹耕赓 [3]哽{噎}耿整{训，白}亘 [5]更
kaŋ [1]刚冈钢缸纲肛 [3]岗港 [5]杠逛{老}
koŋ [1]工公功宫攻弓龚恭躬蚣 [3]拱汞巩 [5]共供贡
kuaŋ [1]光胱 [3]广 [5]逛□{发光，发亮}□{把刀临时磨砺}
kuan [1]观关官棺 [3]馆管莞 [5]冠贯惯灌罐鹳
kuən [3]滚 [5]棍
kʰa [1]旮夹{~~儿} [3]卡 [5]胯{大腿之间的部分}
kʰo [1]科蝌珂柯苛窠搁 [2]搁{待考} [3]可颗棵 [5]□{∽牌，提牌}渴课磕壳瞌
kʰe [3]坑{包包~~} [5]刻克咳客磕□{～膝头儿}
kʰu [1]骷枯箍{~子，戒指} [2]跍{蹲着} [3]苦 [5]哭酷库裤
kʰua [1]夸 [3]垮□{说，骂人的话} [5]跨挎胯
kʰue [5]括阔扩
kʰai [1]开揩 [3]凯锴楷 [5]概溉慨
kʰau [1]敲 [2]□{干，做} [3]考烤睾 [5]靠拷铐
kʰəu [1]抠扣{~~儿} [3]口 [5]叩扣寇
kʰuai [3]块 [5]快筷刽桧
kʰuei [1]亏盔窥魁{~不起，撑不住} [2]奎魁葵逵 [5]愧溃馈
kʰan [1]堪刊勘嵌 [3]砍侃坎 [5]看
kʰən [1]坑吭 [3]垦肯啃恳
kʰaŋ [1]康糠慷 [2]扛 [3]䆲{动词，盖} [5]坑抗亢
kʰoŋ [1]空{~心菜} [3]趸孔恐 [5]控空{~事}
kʰuaŋ [1]诓{哄骗}筐匡眶框 [2]狂逛 [5]旷矿况邝
kʰuan [1]宽 [3]款
kʰuən [1]昆琨坤鲲 [2]浑{白，整个的，完整的} [3]捆 [5]困
xa [1]哈□{动词，来回翻动}下{白，一~} [3]傻 [5]下{白，一∽}吓□{～脐脐，搔胳肢窝}
xo [1]喝呵{哄骗}豁{~皮，便宜，无代价的}□{~人，蜇人}□{~儿，暖手器具} [2]和何河荷活 [3]火伙 [5]货祸霍豁盒贺褐鹤喝{~彩}合菏{薄~}郝
xe [5]褐核黑
xua [1]花划{~一刀} [2]滑华猾划{~不来} [3]哗{~~响} [5]话化画
xue [5]或惑获
xai [1]害{白，∽怕} [2]还孩鞋 [3]海蟹{螃~} [5]害亥
xau [1]蒿薅{抓起} [2]毫豪嚎 [3]好 [5]好号皓浩耗
xəu [1]购 [2]侯猴喉 [3]吼 [5]后厚候
xuai [1]欢{白，∽喜} [2]怀淮槐 [5]坏
xuei [1]灰辉挥徽恢 [2]回蛔茴 [3]悔毁诲 [5]会汇惠慧绘卉讳荟贿
xan [1]憨□{用微火烘煮} [2]含函寒韩涵邯汗{~毛}咸闲{∽天}衔 [3]喊 [5]汉撼焊翰汗罕悍陷苋{∽菜}
xən [1]亨哼 [2]痕横衡恒茎 [3]很狠 [5]恨杏
xaŋ [1]夯 [2]行航杭 [5]巷项
xoŋ [1]轰烘 [2]红宏弘洪鸿虹 [3]哄 [5]哄{起~}
xuaŋ [1]荒慌 [2]簧皇煌凰磺蝗潢 [3]谎恍{粗心大意} [5]晃
xuan [1]欢 [2]还环鬟横 [3]缓 [5]唤焕换患幻宦痪奂
xuən [1]婚昏荤浑 [2]魂馄 [5]混
ȵi [2]泥倪尼妮霓昵宜疑仪呢{∽绒}怩{扭∽} [3]你拟 [5]腻逆匿溺毅议疑{存疑}蚁义艺呓昵
ȵia [1]□{嗲}
ȵie [5]孽捏聂蹑业□{~币，硬币}乜{姓}镊镍蘖
ȵy [3]女
ȵiau [3]鸟咬{文}袅 [5]尿
ȵiəu [1]妞 [2]牛 [3]扭钮纽扭妞忸 [5]拗
ȵiɛn [1]拈研 [2]年严阎 [3]碾俨撵捻 [5]念验酽{东西粘稠}砚谚彦唁廿
ȵiaŋ [1]嬢 [2]娘 [3]仰 [5]酿
ȵin [2]凝
ŋa [1]呀{碾压}□{∽儿，婴儿}轧
ŋo [3]我
ŋe [5]额厄扼
ŋai [1]挨哀埃安{白，∽逸} [2]癌捱研{白，~墨，研磨}崖呆{∽板}皑癌挨 [3]矮蔼霭 [5]爱艾碍暧隘
ŋau [1]熬{训，∽油}爊{熬，∽油}□{坚持高价、高条件等}凹 [2]熬敖遨翱鏖 [3]袄咬 [5]奥澳坳傲拗懊
ŋəu [1]欧鸥殴区{姓}讴 [3]藕偶□{与坚硬物磕、碰}呕 [5]呕怄沤
ŋan [1]安鞍氨庵桉淹阉俺 [2]谙{估计} [5]岸按案暗晏{晚}雁
ŋən [1]樱 [3]梗{~到，触着凸起硬物感到难受} [5]硬
ŋaŋ [1]嚷肮 [2]昂
ŋoŋ [1]嗡
a [1]啊阿 [2]啊 [3]啊 [5]啊
o [1]喔屙莴 [2]鹅俄峨蛾娥 [3]哦 [5]鄂恶饿噩鳄沤{长时间漫泡}卧沃
e [1]欸 [2]欸 [3]欸
ɚ [2]而儿 [3]尔耳饵 [5]二
i [1]依伊衣医咿裔 [2]移仪胰彝姨颐遗怡 [3]以已椅倚 [5]一易意谊异议乙亿益翼邑忆冀
ia [1]丫鸦垭{两山之间狭窄的地方} [2]牙涯衙蚜芽 [3]雅哑 [5]轧亚压呀鸭押娅
ie [1]耶椰夜{白，∽饭} [2]爷 [3]也野吔{叹词，表示惊讶} [5]夜页叶液腋□{叹词，表示不满或推测}
ua [1]洼蛙哇挖娲凹 [2]娃 [3]瓦㧚{舀} [5]袜
ue [1]哇{叫得很厉害}
y [1]瘀吁圩 [2]于禹逾鱼余渝娱渔榆愉愈 [3]与雨语宇羽 [5]浴域喻育狱欲遇育预愈裕御寓豫芋驭鋊{金属器物被磨损变得光滑}疫役慰蔚
ye [1]迂{使弯曲，折断} [5]月悦越粤阅
io [5]药钥乐约虐疟
iau [1]腰妖幺夭吆 [2]姚肴摇遥瑶窑谣 [3]舀 [5]要耀跃
iəu [1]优忧幽悠 [2]由油游尤犹邮鱿 [3]有友 [5]又右幼佑诱酉柚
uai [1]歪 [3]崴歪{白，质量很差的} [5]外
uei [1]威危萎{白，∽缩缩，精神萎靡不振} [2]为{因~}围维惟违唯韦危微薇 [3]委伟尾纬萎{枯~}[5]为{~了}谓卫未位喂味魏胃慰畏蔚尉伪
an [1]□{叹词，表示追问或责问}
oŋ [1]□{堆积}嗡 [5]瓮齆{形容声音不清晰}□{~水，头沉入水中憋气}
iɛn [1]烟焉咽腌嫣鄢阉蔫 [2]言延岩盐沿颜闫檐涎 [3]眼掩衍 [5]雁燕艳宴焰厌晏堰修□{轻轻地撤盖粉状物}
in [1]音殷因荫阴茵姻英鹰婴莺蝇 [2]银淫龈赢迎盈 [3]引瘾颖影饮隐 [5]印应映□{量}
iaŋ [1]央秧殃□{身体单薄、虚弱无力} [2]阳羊杨扬洋疡{~子，颈上淋巴肿块} [3]养痒氧 [5]样漾
uaŋ [1]汪 [2]王亡 [3]网往枉惘 [5]望忘旺妄
ioŋ [1]雍 [2]容蓉荣溶熔融庸佣 [3]勇涌蛹俑 [5]用佣
uan [1]弯湾豌 [2]玩丸顽 [3]宛碗晚腕挽婉皖剜 [5]万
uən [1]瘟温 [2]闻纹雯蚊玟文 [3]稳吻 [5]问紊
yɛn [1]渊冤鸳□{~範,簸箕} [2]原元圆员袁源缘援猿铅沿 [3]远 [5]院愿苑怨
yn [1]晕 [2]云芸匀耘荣营容{待考}蓉{待考}熔{待考}嵘萤莹荧茔萦 [3]允永尹 [5]韵运熨咏泳酝
vuᶹ [1]坞乌污巫邬诬钨侮 [2]无吴梧芜 [3]五武舞伍午忤 [5]物屋戊务勿误雾悟恶