ɿ
ʦ[1]资滋姿谘辎孳淄[3]子籽姊紫滓梓[5]字自字恣
ʦʰ[1]雌[2]瓷辞词祠慈磁疵[3]此跐泚玼[5]刺赐次{~数}伺{~侯}厕
s[1]斯撕私司{公～}丝思[3]死[5]四肆巳寺饲伺{～机}祀

ʅ
tʂ[1]知蜘支枝肢栀{~子}只{~鸡}脂之芝汁织职炙执窒栉桎炙[2]直侄植殖踟掷秩跖[3]纸只{～有}指旨止址趾咫[5]智制滞稚致至置治志痔痣挚质峙
tʂʰ[1]魑眵痴嗤吃尺斥赤叱[2]池驰弛匙迟持[3]耻尺齿豉侈[5]翅炽
ʂ[1]施师狮尸诗湿失虱识式拭适释室[2]时十拾实食蚀石[3]史屎使驶始矢[5]誓示视事士柿市试氏仕是世势逝恃嗜
z[1]日肏

i
p[1]逼碧辟{复～}璧壁蓖{～麻}毕屄媲必[2]俾裨鼻[3]彼鄙比{~较}秕{~子}[5]陛臂婢避庇毖币弊蔽毙闭箅{～子}
pʰ[1]丕坯批匹僻劈披砒霹癖[2]皮脾疲枇琵痞[5]痹屁譬
m[1]蜜密觅[2]迷谜弥糜麋秘[3]米眯靡[5]泌寐媚{狐～子}
f[1]飞非妃扉绯[2]肥[3]匪榧翡[5]费废吠痱{~子}肺
t[1]堤滴嫡羝的{目~}[2]笛敌狄耀迪睇提{~溜}[3]底抵邸[5]低帝地第弟递缔涤
tʰ[1]梯剔惕倜{~傥}[2]提蹄啼题醍[3]体[5]替涕屉剃嚏
n[1]溺逆昵匿[2]尼泥倪呢{~子}霓[3]你拟[5]腻
l[1]立粒笠栗傈力历沥[2]黎犁离漓篱丽{高~}梨狸[3]礼里李理鲤[5]利吏荔{~枝}丽{美～}隶例厉励砺离{～米}
ʦ[1]即鲫积迹脊绩齑{灰~}稷{～子}辑[2]脐{～带}集寂蒺{～藜}疾籍[3]挤[5]剂济祭际荠
ʦʰ[1]妻缉{~鞋}七漆戚沏{~茶}[2]齐[5]砌
s[1]西犀悉膝息媳熄昔惜锡析蟋[2]席习夕袭[3]洗玺徙[5]细系{秤～子}
ʨ[1]饥基鸡讥肌屐棘急吉给{供～}级击激畸叽{～咕小声说话}机几{条~}[2]极及{～早}[3]几{～个}已虮[5]寄冀记忌计继
ʨʰ[1]欺泣乞迄期[2]奇骑歧祁其棋琦崎旗琪祈麒{～麟}[3]起启企岂桤[5]气器汽契弃
ɕ[1]牺嬉熙希稀吸溪曦嘻熹隙[3]喜嬉[5]系{联~}戏
Ø[1]医衣揖{作~}抑伊漪依一壹邑溢逸佚屹亿忆臆翼弋益疫亦译驿易{交~}奕绎乙[2]宜仪役移夷姨彝痍疑怡贻沂遗饴[3]蚁倚椅迤已以尾{~巴}[5]艺呓裔诣羿缢谊义议易{难～}肄意异胰{～子}

u
p[1]卜𡋯{~土}拨{～愣头}不[2]醭{长～}笸{～箩}鹁{～鸽}[3]补[5]布怖步部簿埠哺捕
pʰ[1]铺{～设}扑仆朴卟{~啦}[2]蒲{～草}菩脯{胸~}瀑{～布}葡{～萄}匍[3]普浦捕哺谱圃[5]铺{～子}曝
m[1]目穆牧睦木沐谋[2]模{～样}没{丢失}摹{~仿}[3]亩某牡母拇[5]暮慕墓募苜{～蓿}
f[1]夫肤俘孚孵敷佛{仿～}弗拂福蝠辐腹覆妇{～道人家}叔束舒梳{～子}疏蔬枢输书姝抒[2]服佛浮复{～原}伏芙扶符缚殊秫熟塾淑孰黍{~子}[3]府腑俯甫脯{果~}斧抚薯署数{动词}鼠[5]付赋傅讣赴父附驸富副釜腐妇{~女}负复{反～}树恕疏{注~}数{～学}竖漱庶
t[1]都{首～}笃督嘟{～念小声说话}[2]毒独读犊渎牍嘟{水～噜凉水壶}[3]堵赌肚{猪~}[5]妬杜肚{～皮}度渡镀嘟{～打戏一种剧种}
tʰ[1]秃突{~然}[2]徒图涂途屠突{～击}[3]土吐[5]兔吐{呕~}
l[1]褥辱鹿禄辘[2]卢炉芦庐蝼{～蛄}[3]鲁橹虏滷[5]路赂露鹭
ʦ[1]租[2]族卒[3]祖组阻诅
ʦʰ[1]粗猝簇蹴促蹙[5]醋
s[1]酥苏速[5]诉素诉嗉{鸟～子}
tʂ[1]猪诸诛蛛株朱硃珠竹烛嘱粥瞩筑祝[2]妯{~娌}轴{~子}逐躅[3]煮拄主[5]注蛀住柱驻助著佇铸
tʂʰ[1]初出畜触束{~腰}搐矗怵黜锄{～树}[2]除储躇厨雏刍锄[3]楚处{相～}杵[5]处{~所}
ʐ[1]入[2]如茹儒濡[3]乳汝孺
k[1]孤箍谷{山～}鸪辜蛄骨锢轱姑[3]古鼓牯毂[5]雇故固顾估
kʰ[1]枯窟酷哭[3]苦[5]裤库
x[1]呼惚忽乎[2]胡糊湖葫湖弧狐壶核{杏~}[3]虎浒琥狐{又}[5]户互护扈瓠{～子}
Ø[1]乌物屋勿杌{~子}[2]吴梧蜈无芜妩巫诬[3]五午武舞捣鹉侮捂[5]误悟恶务雾污{～麦}

y
n[3]女
l[1]律率{速～}绿[2]驴[3]吕旅缕履[5]虑滤屡[0]篱{皮笊~：看财奴，吝啬鬼}
ʦ[1]足[5]聚铸
ʦʰ[1]蛆趋[3]取娶[5]趣
s[1]须需戍胥蓿{苜~}[2]徐俗[5]絮序叙绪续
ʨ[1]居拘驹锔菊鞠俱{车～马炮}橘[2]局剧[3]举莒{~县}[5]巨拒距炬苣句具惧
ʨʰ[1]区驱屈曲躯[2]渠瞿[5]去
ɕ[1]虚嘘墟[3]许诩栩[5]恤煦
Ø[1]淤迂郁育煜玉狱浴欲[2]鱼渔余愚虞娱榆愉俞逾臾腴于{～是}[3]语雨予宇禹羽与{给~}[5]御誉豫预遇寓芋喻裕愈

a
p[1]巴{～~狗}芭疤八扒{~查}[2]拔跋魑[3]把靶[5]坝霸罢耙{~地}把{车~}爸巴{嘴～子}
pʰ[1]趴{～着睡}[2]爬琶钯{~子}扒{～鸡}叭[5]怕帕
m[1]妈抹{～布}[2]麻痳蟆{蛤~}[3]马码嬷{～~:姑姑}[5]骂蚂{～蚱}麻{～子:蓖麻}
f[1]法发刷[2]乏伐筏罚[3]耍[5]发{～质}
t[1]答搭耷哒趿{呱～子:拖鞋}褡达妲[2]沓[5]大
tʰ[1]塔榻塌溻踏獭[3]他她它
n[1]捺纳[2]拿哪[5]那娜
l[1]腊蜡辣拉垃{坷~}落{~下}[3]邋[0]旮
ʦ[1]杂砸[3]咋{不~了}
ʦʰ[1]擦
s[1]撒萨卅飒[3]仨
tʂ[1]楂渣眨挖扎札[2]闸铡炸{油~}[5]诈榨炸{~弹}乍{~呼}
tʂʰ[1]叉差{～别}插察蹅{踏,~泥}嚓䃰{礓~}杈{~子}𦉆[2]茶搽查茬[3]衩[5]岔{～路}杈差
ʂ[1]沙砂纱煞刹鲨痧[2]蛇{一条~}[3]傻[5]厦{大~}□{~耙:一种六齿农具}啥
k[2]嘎
x[1]哈{～尔滨}[5]哈[1]啊阿腌{～臜}

ia
pʰ[2]□{~叽:一种儿童玩的纸牌，可在地上扔着玩}
l[3]俩
ʨ[1]家加夹甲胛{肩~}傢嘉痂枷[3]假贾{姓}[5]假{～期}架驾嫁价稼
ʨʰ[1]恰掐[2]洽[5]卡{~腰}
ɕ[1]虾瞎[2]霞瑕狭峡匣辖侠[5]下吓夏厦{~门}
Ø[1]丫鸦桠鸭押压[2]牙芽衙{～门}[3]雅呀[5]亚轧讶砑{～平}揠

ua
tʂ[1]抓[3]爪{~牙，～子}
k[1]瓜刮聒呱{～达子}鸹[3]寡剐[5]卦挂褂
kʰ[1]夸[3]垮传[5]跨挎
x[1]花[2]华铧划{~船，计～}滑猾[5]化华{姓}桦画话
Ø[1]蛙挖袜[2]娃[3]瓦[5]洼瓦{~匠}

ə
p[1]波菠玻钵拨博剥驳[2]薄{～地}泊雹{~子：冰雹}脖[3]跛簸{颠~}钹[5]簸{～箕}
pʰ[1]颇坡泼[2]婆[5]破
m[1]末沫抹{~掉}没{~了}[2]磨{～刀}魔摩馍莫膜寞摸[3]抹{～药}[5]磨{石~}
f[1]说梳{～头}[2]勺芍{～药}佛[3]否[5]数{~字}
t[0]的
l[0]了
tʂ[1]折遮褶蜇哲浙蛰[2]辙[3]者[5]蔗这
tʂʰ[1]车撤彻[3]扯
ʂ[1]奢赊摄涉设[2]舌折{弄~}[3]佘舍{～不得}[5]麝赦舍{宿～}射社
ʐ[1]热[3]惹
ɭ[1]儿而[3]尔耳[5]二饵贰
k[1]歌割葛各阁搁胳鸽恰疙纥膈格[2]旯{～旮}嗝{打~}[3]哥[5]个
kʰ[1]渴磕克{不~化}[2]坷□{~牢:大针脚地缝}咳{～嗽}[3]可柯{~杈子}[5]□{~鞋帮子}课
x[1]合喝{～酒，～呼}郝赫[2]河何荷{～花}盒蛤{～蟆}鹤核{～桃}[3]合{～页}[5]贺荷{薄~}郝{~堂：地名}
Ø[1]阿{~胶}鄂恶{～心}屙额[2]鹅俄蛾[5]饿

iə
p[1]憋鳖瘪别{区~}[2]别{~离}[5]别{老~筋}
pʰ[1]撇瞥[3]苤{~拉:苤蓝}
m[1]灭蔑篾{竹~}
t[1]爹跌[2]迭叠谍碟蝶牒
tʰ[1]铁帖贴
n[1]镊聂蹑捏孽涅
l[1]列烈裂劣猎[3]趔
ʦ[1]接节疖[2]捷截[3]姐[5]借褯藉{~故}
ʦʰ[1]切妾[3]且[5]趄切{一~}
s[1]薛泄楔{～桩子}屑些[2]斜邪[3]写[5]卸谢
ʨ[1]秸劫揭结洁疥[2]杰竭
ʨʰ[1]怯惬[2]茄
ɕ[1]歇蝎胁偕血[2]协谐携
Ø[1]叶页业谒夜腋掖咽噎[2]爷椰[3]野冶也[5]夜

uə
t[1]多掇[2]夺铎踱[3]朵躲[5]舵剁垛惰堕
tʰ[1]拖脱托庹託[2]砣驮鸵跎[3]妥椭[5]涶拓
n[1]诺搦{～打:端午节的一种食品}□{用手抓碎}[2]挪[5]糯懦
l[1]捋{～袖子}烙骆酪洛络乐略掠落{~生}[2]罗锣箩骡螺脶{手～}萝[3]裸掳[5]摞
ʦ[1]作{～坊}爵[2]嚼绝{~气}啄[3]左佐[5]坐座做作{工～}柞绝{~户}
ʦʰ[1]搓撮鹊错{～杂}[2]锉雀[5]错挫措锉
s[1]梭唆削雪薛蓑索所[2]踅{~子}索{头~}[3]锁琐[5]塑
tʂ[1]桌卓捉琢酌拙着{～衣}[2]浊镯浞着{~火}
tʂʰ[1]绰㪕{～起棍子}焯戳{～子}辍初{～学:蒙学}[2]锄{～地}
ʐ[1]若弱
k[1]过锅戈括聒郭阁{出～}廓[3]果裹馃{炸～子}[5]过
kʰ[1]科棵阔窠[2]骒{～马}[3]颗[5]馃{~子}
x[1]霍藿劐豁{～口}攉{倒掉，扔掉}[2]和{～面}活获[3]火伙[5]祸货耠{~地}
Ø[1]握倭窝幄龌沃涡莴[3]我[5]卧

yə
ʨ[1]脚角
ʨʰ[1]瘸搉{～蒜}缺[3]□{折断}
ɕ[1]靴[2]学
Ø[1]月哕岳药约

ɛ
p[3]摆[5]败拜稗
pʰ[2]排牌徘{～徊}[5]派湃
m[2]埋[3]买[5]卖迈
f[1]摔衰[5]帅率{～领}甩
t[1]歹呆[5]待怠代袋戴带大{~夫}贷逮
tʰ[1]台胎[2]苔{~癣}抬台{～子}[5]太泰态[0]台{西~集：地名}
n[3]奶乃[5]耐奈鼐
l[2]来莱[3]□{靠根部断下：～韭菜} [5]赖癞
ʦ[1]灾栽哉[3]宰载{三~}[5]在再载{装～}㩟[0]寨{张成~：地名}
ʦʰ[1]猜[2]才财材裁柴{～火}[3]彩采睬[5]菜蔡
s[1]鳃腮[5]赛塞{～外}晒{日~}
tʂ[1]斋[5]寨债擦
tʂʰ[1]钗差{出~}[2]豺
ʂ[1]筛{～子}
k[1]该赅[3]改[5]溉概盖丐
kʰ[1]揩开[3]楷慨凯[5]恺
x[2]孩骸[3]海[5]亥害骇
ɣ[1]呆{～板}哀埃挨[3]矮{又}[5]艾爱蔼隘碍{～眼}

iε
ʨ[1]皆阶楷街[3]解{～毒}[5]介界疥芥戒诫解{～差}
ɕ[2]鞋[5]解{姓}懈械蟹
Ø[1]挨{～号}[3]矮

uε
ʦ[1]拽[3]跩
ʦʰ[1]揣[2]膗[3]揣{～摸}[5]踹
k[1]乖[3]拐[5]怪
kʰ[5]快块脍会{～计}筷
x[2]淮怀槐[5]坏
Ø[1]歪[5]外

ei
p[1]杯碑卑悲北百柏伯笔背[2]白帛[3]罢{吃～了饭}[5]辈倍贝被婢备白{葱～}臂{胳~}焙
pʰ[1]胚坯{土～}迫拍魄[2]培陪赔裴[5]配佩沛
m[1]墨麦脉没{～有}[2]梅枚媒煤眉楣莓玫霉嵋[3]美每[5]妹昧媚{～眼}魅
f[1]摔{～轱辘:一种游戏}[53]谁[3]水{又}[5]睡瑞税
t[1]得德
tʰ[2]特
n[3]馁[5]内
l[1]肋勒[2]雷[3]累{积～}垒磊蕾儡[5]累泪类
ʦ[1]侧{~愣}则[2]贼摘{～马:母马}宅{~子}
s[1]塞[2]谁{又}
tʂ[1]窄责侧{～玉儿}[2]泽择{选~}
tʂʰ[1]测拆策册䜺{豆～子}
ʂ[1]色啬涩
k[1]格{又}革隔给{动词}[5]给{介词}
kʰ[1]客克刻
x[1]黑赫吓{恐~}[2]核{审~}[5]嘿
ɣ[3]□{应答声}

uei
t[1]堆{~积}[5]兑对队
tʰ[1]推忒[2]颓[3]腿[5]退蜕
ʦ[1]堆[3]嘴[5]罪最醉缀坠
ʦʰ[1]催崔[2]摧[3]璀[5]脆粹翠悴烨
s[1]虽绥荽[2]随[3]髓[5]碎岁穗遂隧
tʂ[1]追锥[5]赘惴缒坠{~角}
tʂʰ[1]吹炊[2]垂锤槌
k[1]圭闺规龟归国瑰[3]鬼诡轨癸[5]桂跪贵柜刽
kʰ[1]亏盔奎窥[2]逵馗睽葵魁[3]傀[5]愧匮溃䙌䙌{活~:活扣儿}
x[1]灰挥辉徽恢或惑[2]回[3]悔毁[5]贿晦诲汇溃{~脓}会绘惠慧秽讳卉
Ø[1]偎微威危煨萎[2]桅为{作～}维唯惟巍违围帏韦[3]伟苇委伪娓唯猥[5]卫位味未魏畏慰纬胃谓喂

ɔ
p[1]褒包胞苞剥[3]宝保堡葆褓鸨饱[5]抱报暴菢豹爆鲍刨{~子}
pʰ[1]泡抛脬{尿~}胞[2]袍刨跑{马～地}[3]跑[5]炮泡胞{~生}
m[2]猫毛茅锚蘑{~菇}[3]卯[5]帽貌茂贸冒
t[1]刀叨[3]祷岛倒捣[5]到盗道倒{~悬}稻悼导
tʰ[1]掏滔涛[2]桃逃淘陶萄[3]讨[5]套
n[1]孬[2]铙挠[3]脑恼[5]闹
l[2]劳唠痨牢捞[3]老姥烙酪[5]涝络{～窝鸡}耮{～石}
ʦ[1]遭糟[2]凿[3]早枣蚤澡藻[5]造灶皂燥躁
ʦʰ[1]操糙[2]曹槽漕嘈[3]草[5]糙{粗~}
s[1]骚搔臊{～臭}[3]嫂扫{~地}[5]扫{～帚}臊{害～}嗽{又}
tʂ[1]朝{今~}招召{～集}昭[3]沼{~气}找[5]罩笊{～篱}赵兆照诏召{号~}
tʂʰ[1]抄钞超嘲{～笑}[2]巢朝{～代}潮晁[3]炒吵[5]耖{～地}
ʂ[1]梢捎烧[2]韶{～山}[3]少{多～}稍{～黑}[5]哨潲{～雨}少{年～}绍邵
ʐ[1]饶[3]扰绕{围~}[5]绕{～线}
k[1]高篙膏{～药}羔糕[3]搞稿膏{药～子}镐[5]告
kʰ[3]烤考拷[5]靠铐犒
x[1]蒿薅{～草}[2]豪壕嚎毫号{呼~}[3]好[5]好浩号{几～}耗
ɣ[1]哦{吱声：不能~}[2]熬嗷翱[3]袄[5]傲澳懊鏊

iɔ
p[1]膘标彪镖[3]表裱
pʰ[1]飘漂[2]瓢嫖[3]缥[5]票剽漂{~亮}
m[1]□{谷谷～子:布谷鸟}[2]苗描瞄[3]秒藐渺[5]庙妙
t[1]刁貂雕凋[3]屌[5]掉调{～动}钓吊
tʰ[1]挑佻[2]笤迢条调{～剂}[5]跳眺
n[3]鸟[5]尿
l[2]聊辽撩缭寥嘹僚刘{~菜园儿：地名}[3]燎了瞭柳{~圈儿：地名}[5]料镣尥{~蹶子}撂
ʦ[1]焦{~雷：劈雷}蕉椒醮{打~}[2]噍{倒~}
ʦʰ[1]锹繰{～边儿}[2]樵瞧劁{~猪}[3]悄[5]俏峭鞘
s[1]消宵霄硝销逍萧[3]小[5]笑啸肖
ʨ[1]交郊胶教{～书}骄娇浇[3]绞狡铰搅缴剿矫饺侥[5]叫教{～育}校{～对}觉{睡~}轿酵较窖
ʨʰ[1]敲跷[2]乔桥侨荞{~麦}[3]巧[5]窍
ɕ[1]枵嚣[3]晓[5]笑校{学～}效{～仿}孝
Ø[1]妖吆邀要{～求}腰[2]肴窑谣摇姚尧[3]咬舀杳窈[5]耀要{必～}鹞

ou
t[1]兜都{～是}[3]抖斗陡[5]斗豆逗窦
tʰ[1]偷[2]投头[3]㪗[5]透
n[5]耨
l[1]搂{～钱}[2]楼娄耧[3]搂{～抱}篓[5]漏陋露{~出来}瘘
ʦ[3]走[5]揍奏做{～活}
ʦʰ[5]凑
s[1]艘搜[3]叟[5]嗽{咳~}
tʂ[1]周舟州洲掫邹[2]轴[3]肘[5]昼纣宙皱绉骤咒
tʂʰ[1]抽[2]绸愁仇酬稠筹[3]丑[5]臭
ʂ[1]收[3]手守首[5]瘦兽受寿授售
ʐ[2]揉[5]肉
k[1]勾沟钩[3]狗苟[5]够构购勾{～当}诟
kʰ[1]抠眍[3]口[5]扣寇
x[1]齁[2]侯喉猴瘊[3]吼[5]厚后候{等~}
ɣ[1]欧瓯□{~戏:枣庄梆子}[2]牛{～王寺，麦～子}[3]偶呕藕沤{～气}[5]怄沤{～粪}

iou
m[5]谬
t[1]丢
n[2]牛[3]纽扭钮[5]拗
l[1]溜{～肩，瘦~}[2]流刘留榴硫琉[3]柳绺[5]陆{~地}馏溜遛{~马}六
ʦ[1]揪[3]酒[5]就
ʦʰ[1]秋鳅[2]囚泅酋遒[3]瞅清{~明}
s[1]修羞宿{一~}[5]秀绣锈袖
ʨ[1]鸠阄纠[3]九久韭灸究[5]救旧舅臼疚咎
ʨʰ[1]丘邱蚯[2]求球仇{~姓}[3]糗
ɕ[1]休[3]朽[5]嗅
Ø[1]忧优幽[2]攸悠尤邮疣由油游犹柔[3]有友黝[5]又右佑祐诱柚釉幼酉莠

ã
p[1]班斑颁扳般搬[3]板版坂[5]办半绊扮伴瓣
pʰ[1]潘攀[2]盘磐爿[5]盼襻判叛畔胖{人~}
m[2]蛮馒瞒鳗蔓{~菁}埋{~怨,又}[3]满[5]慢嫚漫蔓{~延}
f[1]翻番闩拴{～着}[2]凡帆烦繁樊[3]反返[5]饭犯泛范贩梵嬎涮
t[1]单担丹耽眈[3]胆疸掸{~子}[5]担{~子}淡诞蛋弹{子~}但旦
tʰ[1]贪坍滩摊瘫[2]谭昙潭痰坛檀弹{～琴}[3]毯袒坦忐{~忑}[5]探炭叹
n[2]南难楠[3]男[5]难捺
l[2]蓝篮兰拦栏婪岚澜[3]览揽懒[5]烂滥栏{牛~}
ʦ[1]簪[3]咱攒[5]暂赞
ʦʰ[1]参餐[2]蚕惭残[3]惨[5]灿璨
s[1]三[2]散{～了}伞撒[5]散{分~}
tʂ[1]沾占瞻毡粘[3]盏展斩[5]站战颤绽栈蘸
tʂʰ[1]搀[2]馋谗蟾缠蝉蝉[3]产铲阐[5]忏
ʂ[1]杉衫山擅煽苫删姗[3]闪陕[5]汕疝赡善鳝膳单扇骟
ʐ[2]然燃[3]染冉
k[1]甘柑干{～湿}肝竿尴泔[3]感敢杆擀赶[5]干敢{～是}
kʰ[1]龛勘堪看{~家}刊[3]坎砍侃[5]看{~见}瞰
x[1]憨鼾[2]含函邯寒韩[3]喊罕撼[5]汉汗旱悍捍憾瀚銲
ɣ[1]庵鹌安鞍[3]揞俺[5]暗岸案按

iã
p[1]鞭编边蝙[3]扁贬匾[5]便遍变辫辩辨汴
pʰ[1]篇偏翩[2]便{～宜}[5]骗片
m[2]棉绵眠[3]免勉娩冕[5]面
t[1]颠掂[3]点典[5]店垫电殿佃淀奠甸玷惦
tʰ[1]天添[2]甜田填[3]舔殄腆
n[1]蔫[2]年黏[3]撵捻辇碾[5]念
l[2]镰帘廉连联涟鲢莲[3]脸敛{收~}[5]练炼链恋楝
ʦ[1]煎笺尖[3]剪[5]箭贱荐渐溅践
ʦʰ[1]签千迁[2]前潜钱[3]浅[5]倩
s[1]仙鲜先纤[2]涎[3]藓鲜[5]线羡腺
ʨ[1]监兼艰间奸肩坚[3]减碱检俭简柬拣茧简趼[5]见建键健腱舰剑件毽
ʨʰ[1]谦牵嵌鹐[2]钳乾{～坤}虔掮[3]遣谴[5]欠歉芡
ɕ[1]掀锨[2]闲嫌贤咸衔弦舷[3]险显[5]馅陷限宪献现县
Ø[1]岩淹烟阉嫣胭艳[2]炎盐芫檐闫阎颜严蜒延谚言研沿缘筵□{“原是”的合音}[3]眼演掩魇俨[5]验厌雁宴燕砚咽沿{锅~}严焰

uã
t[1]端[3]短[5]断锻缎段椴
tʰ[1]湍[2]团摶{～弄}
n[3]暖
l[1]乱{～山岗子}[2]卵[5]乱恋
ʦ[1]钻{动词}[3]纂𱆈[5]钻攥
ʦʰ[1]汆窜[2]全泉痊诠荃
s[1]酸宣渲喧[2]旋漩[3]选癣[5]算蒜旋{～吃～做}
tʂ[1]专砖[3]转{～眼}[5]转{～动}传{~记}篆赚撰
tʂʰ[1]川穿[2]船传椽□{往小孔里塞}[3]喘[5]串
ʐ[3]软阮
k[1]官棺观关冠鳏[3]管馆[5]贯观{道~}灌冠{～军}罐惯
kʰ[1]宽[3]款
x[1]欢獾[2]还{归～}环桓寰[3]缓[5]唤焕换幻患宦豢
Ø[1]剜弯湾豌[2]完玩丸纨顽[3]碗晚换婉宛皖[5]万腕蔓{瓜~}

yã
ʨ[1]娟捐鹃涓[3]卷[5]倦圈{猪~}眷绢鄄卷{～子}
ʨʰ[1]圈{圆~}[2]拳权颧[3]犬[5]劝券
ɕ[1]轩萱喧[2]玄悬[5]炫眩绚楦
Ø[1]渊怨冤鸳[2]员圆元缘{又}原源袁园猿辕援[3]远[5]院愿苑

ẽ
p[1]奔锛贲[3]本[5]笨
pʰ[1]喷{～水}[2]盆[5]喷{～香}
m[1]门{单～的:特意的}[2]们门明{月~姥娘：月亮}[5]闷妹{~~}
f[1]分芬吩氛纷[2]焚坟汾[3]粉[5]奋粪愤忿分{本~}份顺舜瞬
n[3]恁您
ʦ[3]怎
ʦʰ[1]参{~差}[2]岑
tʂ[1]珍真针臻榛侦斟贞[3]诊枕{~头}疹缜镇{~脸:板着脸}[5]镇阵振震枕{动词}赈
tʂʰ[1]琛郴嗔伸深[2]陈辰晨沉臣尘忱[5]趁衬称{相~}
ʂ[1]身申伸深森参{人～}绅呻[2]神[3]沈审婶[5]肾慎甚葚渗蜃
ʐ[2]人仁任[3]忍[5]认刃纫韧
k[1]根跟[3]艮[5]艮
kʰ[3]肯恳垦啃
x[2]痕[3]很[5]恨
ɣ[1]恩[5]摁

iẽ
p[1]彬宾槟斌滨濒[5]殡鬓膑
pʰ[1]拼姘拚[2]贫频[3]品[5]聘牝
m[2]民岷眠[3]闵敏悯抿泯皿
l[2]林琳淋邻{~舍家：邻居}鳞嶙麟临□{~皮儿:削果皮}[3]凛檩[5]各赁蔺
ʦ[1]津[3]尽{~着吃}[5]进浸尽{倒～}晋烬
ʦʰ[1]亲侵[2]秦[3]寝[5]亲{~家}吣沁
s[1]心新辛薪星{~期}[2]寻[5]信囟{～门}
ʨ[1]巾斤筋今金襟禁{~不起}[3]紧仅瑾谨锦[5]劲近妗{～子}噤
ʨʰ[1]钦[2]琴擒芹禽勤
ɕ[1]欣馨
Ø[1]因姻殷洇音阴[2]吟银龈寅淫[3]引蚓饮{冷～}隐䌥尹[5]印荫饮{～马}

uẽ
t[1]墩敦蹲[3]盹[5]顿囤钝墩沌遁碓{~窑子}
tʰ[1]吞[2]屯豚臀[5]褪
l[1]抡[2]崙沦轮论伦纶[5]论嫩
ʦ[1]遵尊[3]撙[5]俊骏浚峻竣
ʦʰ[1]村皴[2]存[3]忖[5]寸
s[1]孙荀[2]旬巡循询寻{～找}[3]损笋榫[5]逊殉迅
tʂ[1]谆锥{～子}[3]准
tʂʰ[1]春椿[2]唇纯醇鹑[3]蠢
k[1]闺[3]滚磙[5]棍
kʰ[1]坤昆崑鲲[3]捆[5]困
x[1]昏婚荤[2]浑魂馄茴{～香}[5]混
Ø[1]温瘟[2]文纹蚊闻[3]稳吻刎紊[5]问璺{裂~}

yẽ
ʨ[1]军均君钧[5]郡菌
ʨʰ[2]裙群
ɕ[1]熏勋醺薰[5]训
Ø[2]匀云耘芸[3]陨允[5]运孕韵晕郓蕴熨润闰

ɑŋ
p[1]帮邦梆[3]榜膀绑[5]谤傍棒蜯
pʰ[1]滂[2]旁傍{～边}彷{～徨}螃庞[3]耪[5]胖
m[2]忙芒茫盲氓[3]莽蟒
f[1]方芳妨霜孀双坊[2]房防[3]仿纺彷{～佛}访爽[5]放双{～生}
t[1]当裆耽{又}[3]党挡{阻~}[5]当{上～}档荡宕
tʰ[1]汤蹚砀{～山}[2]堂棠螳糖唐塘搪{～突}膛[3]倘躺淌[5]烫趟
n[2]囊[3]攘[5]嚢
l[2]郎廊狼琅榔[3]朗[5]浪
ʦ[1]赃脏{不干净}[5]脏{心～}葬藏
ʦʰ[1]仓苍舱沧[2]藏
s[1]桑丧{婚~}[3]嗓搡[5]丧
tʂ[1]张章樟彰障[3]长{生～}涨掌[5]帐账胀涨丈仗杖
tʂʰ[1]昌倡猖鲳[2]长常肠尝场{～院}偿嫦[3]场{~地}厂敞氅长{～虫}[5]唱畅怅{惆~}
ʂ[1]商伤[3]晌赏[5]上尚裳
z[2]瓤穰{麦~}[3]壤攘嚷{挨~}[5]让
k[1]冈纲钢刚缸肛[3]港岗讲{讹传}[5]杠
kʰ[1]糠康[3]慷{～慨}[5]抗炕亢扛
x[1]夯{打~}[2]行杭航[5]上{顶~，~边儿}
ɣ[1]肮昂[5]盎

iɑŋ
n[2]娘[5]酿
l[2]良凉粮粱梁量{～衣}[3]两[5]晾亮谅辆量{数～}踉
ʦ[1]将桨刚{～才}[3]奖蒋[5]酱虹将{大～}匠
ʦʰ[1]枪呛炝戗[2]墙蔷[3]抢[5]呛{烟～了}
s[1]厢湘箱镶相{~媒}[2]详祥翔[3]想[5]相像象橡
ʨ[1]疆僵疆缰姜江豇{～豆}[3]讲耩{～地}[5]降糨强{倔～}犟
ʨʰ[1]羌腔[2]强[3]强{强~:勉强地}
ɕ[1]香乡[2]降{投~}[3]享响饷[5]向项巷
Ø[1]央秧殃嚷{嚷~}[2]羊洋杨阳扬疡烊[3]痒养仰[5]样漾恙

uɑŋ
ʦ[1]庄装桩妆[5]壮状
ʦʰ[1]窗疮[2]床[3]闯[5]创怆撞
k[1]光[3]广[5]逛桄{线～子}
kʰ[1]筐匡诳[2]狂[5]框旷况矿眶
x[1]荒慌[2]黄皇凰蟥蝗簧[3]谎幌恍[5]晃
Ø[1]汪[2]亡王芒{麦~}[3]网往枉[5]妄旺望亡{死～}忘

əŋ
p[1]崩蹦绷□{一～子一阵子}[2]甭[3]绷{～嘴}[5]迸
pʰ[1]烹怦砰抨澎[2]朋鹏彭膨篷蓬棚[3]捧[5]碰
m[2]盟萌蒙朦檬濛[3]猛[5]梦孟
f[1]风丰疯封峰蜂锋烽枫[2]冯逢缝[3]讽[5]凤奉俸缝{门~}
t[1]灯登蹬[3]等[5]邓瞪凳磴
tʰ[2]腾疼藤滕誊熥
n[2]能[5]弄{~啥}
l[1]扔楞[2]棱[3]冷[5]愣
ʦ[1]增曾{姓}[5]赠憎
ʦʰ[2]曾层[5]蹭
s[1]僧
tʂ[1]征蒸争筝睁正{～月}[3]拯整挣[5]证正{～经}政证郑锃症挣{～钱}
tʂʰ[1]称瞠撑铛蛏[2]晨{~起来：早上}澄惩乘丞承橙呈程成诚城盛{～饭}[3]逞骋[5]秤牚[0]生{收~婆子：产婆，接生员}
ʂ[1]生升牲笙甥声[2]绳[3]省[5]剩胜圣盛
k[1]更{三～半夜}耕庚粳[3]梗埂哽鲠耿[5]更
kʰ[1]坑吭铿
x[1]亨哼[2]恒衡横□{~~:下午}[5]横

iŋ
p[1]冰兵[3]丙饼秉禀[5]病柄并炳
pʰ[2]凭瓶平评坪屏萍苹
m[2]名明鸣冥瞑螟[3]茗酩{～酊}[5]命
t[1]丁钉{~子}疔叮[3]顶鼎[5]订定腚钉{动词}
tʰ[1]听厅汀蜻[2]婷停亭廷庭梃[3]艇挺铤
n[2]宁凝狞[3]拧[5]泞宁{～可}
l[2]玲凌零灵陵棂伶绫菱[3]领岭龄[5]令另
ʦ[1]精晶睛[3]井[5]静靖净
ʦʰ[1]清青[2]晴情䞍[3]请𰘓
s[1]星腥猩[3]省{反～}醒擤[5]性姓
ʨ[1]京惊经更{一～天}鲸荆[3]景警儆颈憬[5]敬镜竞竟径痉径经{~纬}境
ʨʰ[1]轻卿倾[2]擎噙[3]顷[5]庆磬罄
ɕ[1]兴{~旺}[2]行形型邢刑荥{~阳}[5]杏幸兴{高～}行{品~}
Ø[1]鹰英缨婴樱鹦莺应{～该}萦瑛[2]蝇营盈赢莹迎萤[3]影颖[5]应{~答}硬映

uŋ
t[1]东冬[3]董懂[5]冻栋动洞恫
tʰ[1]通[2]同铜桐童瞳彤佟[3]桶捅统筒[5]痛同{胡~}
n[2]农脓浓侬奴怒努[5]齈
l[2]龙聋笼隆珑窿[3]拢陇垅胧[5]弄
ʦ[1]棕宗踪鬃综[3]总[5]粽纵{~横}
ʦʰ[1]聪匆葱囱[2]丛从层{一～纸}
s[1]松嵩[3]怂{～恿}耸[5]送宋诵颂讼
tʂ[1]中忠衷终钟盅[3]冢肿种{～子}[5]种众中{打~}重
tʂʰ[1]充冲[2]虫种{姓}重{～复}崇[3]宠[5]冲{～人}
k[1]公工功攻蚣弓躬宫恭供{～给}[3]拱巩汞[5]共贡供{～品}
kʰ[1]空[3]孔恐[5]控空{～缺}
x[1]轰烘[2]宏红洪鸿虹胡{~同}横{～直}喉{~咙}[3]哄□{~车子:推车子}[5]哄{起～}横{蛮~}
Ø[1]翁[5]瓮

yŋ
ʨ[3]炯迥窘
ʨʰ[2]穷琼穹
ɕ[1]兄凶胸匈汹[2]熊雄
Ø[1]慵拥雍痈[2]容榕蓉荣嵘融戎绒茸冗[3]永勇涌蛹甬泳咏[5]用佣
