#a	
f	[1]花[2]划华[5]□{拨开}化[6]□{~碗：一种吃饭的小碗}画
h	[1]下哈[2]□{挠}哈虾蛤霞[3]下{取下}[6]□{拟声词，形容声音大}下{量词}哈夏
k	[1]□{打~票：一种游戏}加嘉嘎家寡枷瓜袈[3]假剐{剥皮}嘎[5]□{~la6子：指话多的男人}价假卦嫁挂架褂[6]□{~天~地：形容笑得很厉害}
kh	[1]下{屋下连读音}[2]□{~痰：咳痰}[3]□{鱼椒子~：竹叶椒}卡杈{树枝}[5]□{打lɤŋ5~：下身没有遮盖任何衣物}胯[6]□{~~丝：形容很大的笑声}
l	[1]拉[3]喇[5]□{开~：开口；缝隙}拉[6]□{衣服或布破裂的声音}落{~tsha6：垃圾}
m	[1]码蚂蟆马[2]□{弯腰}妈麻[3]□{~糍：一种白色的糍粑}马{象棋的马}[5]妈{母亲面称}骂[6]□{关得或藏得很严实}□{倒闭}□{形容鼻子低矮}□{~太：没有子孙的先人}□{~ʨiɛʔ7：水果没成熟时的涩味}
n	[3]□{~藤瓜：钝药野木瓜}[6]奈{~何}
p	[1]叭巴疤芭[2]爸[3]把靶[5]□{胡须~tsa5：胡子拉碴}坝爸罢霸欛{器具上便于用手拿的部分}[6]□{~~li1：形容快走的样子}
ph	[1]杷{本调不明}[2]扒爬耙[5]帕怕[6]□{ʦhuɛʔ7食~子：一种鱼}罢{~掉：倒闭了}
s	[1]□{~虫：受真菌感染后，脚趾缝烂开的症状}杉沙痧砂社纱裟赊[2]蛇[3]舍[6]□{~草：龙珠草}射
t	[1]爹[3]打答[5]嗒
th	[1]嗒
ts	[1]□{子脑：旧时妇女的一种发型}扎抓渣遮渣{~滓炉：无人认领的尸体的焚化炉}[5]□{从某处经过，沿着；偏袒}榨炸碴蔗[6]□{~~丝：水或雨太大，不停流下来或落下来}眨{~khaʔ8ʦɿ3：等一会}
tsh	[1]□{~~哩大：祝福小孩顺利长大}叉差杈车[2]□{湿：使变潮湿}搽查茶[3]扯{撕}[5]叉{~pi1子：禾苗的分蘖}岔[6]□{棺木}□{~子：山上的矮小灌木}砦{东西随意塞满一个空间}
v	[1]哇挖洼[5][6]话
ŋ	[1]□{他们}□{张口}[2]牙芽衙[3]瓦[6]□{塞住；强喂下去}
∅	[1]丫啊阿鸦[2]啊[3]哑[5]□{强塞与人}[6]□{~~呕：不断呕吐}
#an	
f	[1]番翻[2]凡幡环矾鬟[3]反返{~生：复活}[5]翻{~肩头：翻筋斗}贩[6]□{~眉：画眉}幻犯饭
h	[1]□{水~：旧时家里放在厨房盛水、储水的大缸}[2]咸闲[5]喊[6]陷{陷入泥地}限
k	[1]□{我~：我们}关碱间监{~从旁监督，看着；催促；选择}[2]□{那样}[3]减{端起碗、盘等倒}碱[5]间{一种菜配合另一种炒}惯
kh	[1]□{phɪn1thiɛn1~thi6：形容极力挣扎的样子}□{撞击}[3]□{碾}[5]□{背，单间荷；携带}[6]□{~肚：怀孕}
l	[1]□{斜~菩萨：指高个子的人}澜{口~：口水}懒涎[2]拦栏篮蓝[3]□{an5~睡：趴着睡}[5]烂[6]□{~lan6~lan6：形容走起来甩来甩去，晃来晃去的样子}烂
m	[2]□{~斧：一种斧头}[3]蛮{~食：很爱吃}[6]万{~金油}墁{~tse1子：一种用于洗头发的植物}慢
n	[1]□{放于动词前表否定；单用，做否定回答}[2]□{谁}兰{马~瓜}南男难[3]□{用手抓住人的腋下部位提起来}[5]□{~se3：强壮}[6]难□{~泥：泥}
p	[1]□{黄~树：一种可制刨子的树木}斑班[3]板[5]扮
ph	[1]拌{是物体摔碎；甩打}攀{把柔软的东西搭在可支架的工具上：面帕~在面盆架子}[5]襻[6]办
s	[1]三山衫[3]伞糁{猪~：猪食}[5]散
t	[1]□{黄~子：涂在婴儿腋下和脖子的一种润滑物}□{伸长脖子，探出脑袋}单担[3]疸胆[5]□{摔倒，掷}担旦□{缝}□{用水将大块的肉煮熟}
th	[1]探摊淡滩[2]□{~豆荚子：烤豆荚}□{~子篾：船的缆绳}□{牙牙~~：形容说话儿戏}摊檀潭痰谈[3]钽[5]□{~血：动物的血}炭[6]弹摊{将木板、管子等架在上面；~桥}蛋□{~竹米：多生长于竹下，叶子形似竹叶的野草}
ts	[1]□{瓦~子：冰棱；碓~子：碓锥；烟~子：锄刃细小的短柄小锄}斩{~嗣：绝代}盏{浅而小的杯子}□{鸡或鸟等用嘴甲啄：~人；敲击，捣：~锤}□{~鸡：一种生长于深山的鸟}[3]盏[5]站赞
tsh	[1]搀餐[2]残蚕[3]产{引~}铲[5]□{植物的根延伸出去；动物繁殖}颤[6]□{用木板、篱笆或围墙阻隔开}占栈灿赚
v	[1]弯鲩[2]还[5]□{告~：告诉}□{用手抓住}腕[6]万
ŋ	[1]□{我们}□{~脑：点头}[2]□{额头突出}呓{低声自言自语}岩颜[3]眼[5]□{扔石头}呓{胡侃}[6]□{~~动：形容人身体抖动的样子}岸{~湖：地名}□{砍}
∅	[3]按{被突出的东西压迫到}[5]□{~lan3phɤʔ7：趴着睡}晏
#aʔ	
f	[7]发法[8]发{量词，一~水：洗过一次}罚
h	[7]瞎[8]□{打~ʨhie5：打喷嚏}狭
k	[7]□{~煞：必要}□{分开，切开}刮夹甲隔□{石~：石缝}[8]□{打ʨiʔ8~：聊天}嘎颊
kh	[7]□{~称头：售卖者缺斤少两}[8]□{~软：腿发软}
l	[7]□{麻~子：一种小蜂，巢穴像褪去的蛇皮}□{打~针：缝纫时缝回针}□{连~：连续；落尾}□{量词，叠}癞□{白而透明的薄膜；锅巴}蜡[8]□{掌掴}垃腊辣邋
m	[7]□{污~：污蔑}袜[8]□{~蚁：大蚂蚁}
n	[7]□{烘烤}讷[8]□{忍耐}
p	[7]八[8]□{使水溅出来}叭
ph	[7]泼[8]□{~烟灶：一种烟囱很短，排烟困难的土灶；~le1 一种竹制的缩口器具，多用于采摘“木梓”}□{~贡：贡生}□{拍打}拔{~河}□{~刀子：一种刃部不弯的镰刀}钹
s	[7]□{kaʔ7~：必要}杀煞萨[8]煠{用白水煮}
t	[7]笪{晒东西的篾子}搭褡[8]□{狗咬}踏
th	[7]□{用盐或糖浸泡使味道充分进入食物里}塔獭[8]荙{莙~菜}踏
ts	[7]鉔{耙子；铁~}扎眨铡闸
tsh	[7]蚻{黄~：蟑螂}插擦[8]掺{~股：参股}杂
v	[7]□{牛用脚顶人}挖[8]滑
ŋ	[7]□{~子：缝隙}啮{咬}[8]□{夹，挤压}□{说，胡侃}
∅	[7]□{指暑气进入身体：~到热气}□{黄~子：一种背黄腹白色的无鳞淡水鱼}压押鸭[8]□{在}
#e	
f	[1]匪婓非飞[2]回茴[3]悔扉{~丁门：旧时客厅或祠堂的后门}[5]回{~潮}肺费[6]会卉
h	[6]系
k	[5]个
kh	[1]K剋
l	[1]□{伸出舌头}□{滚}嘞罍{鱼篓，筷子~：筷子笼}[2]□{打~：打下系船柱}擂犁雷[6]□{~tse6：形容穿着破且脏}□{~~哩；形容肚子突出的样子}
m	[1]乜{疑问代词}咩寐{~~暗：形容天黑看不见}尾[2]梅煤眉{冬~：扁豆}霉[5]□{~乌：发黑}□{~牛子：小牛}[6]沕{打浸~：扎猛子，在水里憋气}谜{谜语}
n	[1]□{屙鼻~：得了痢疾后排粘液脓状物的症状}蚁[2]泥铌[5]内{塞}呢[6]□{~thu6：不然}内
p	[1]□{虐待}□{触碰，动}□{做}□{通过行动取得；进行某项行动}□{簪子}悲杯碑[5]□{~~滚：形容最笨的人说话时木讷的样子}[6]□{用力踩}
ph	[2]肥{胖；肥料}陪[6]呸{~ʨhiɑʔ8 语气词，表示极度否定或斥责}辈
s	[1]舐[2]□{斜的；下垂}藷随[3]□{nan5~：强壮}水洗薯鼠[5]□{杉毛~：杉毛草}□{口头上诱惑别人}婿岁碎细[6]事{干的活}瑞饰{金耳~：黄金制成的耳环}□{~~地：形容衣服等歪斜的样子}□{个~子：那一溜地方；一~子：一边}
t	[1]黐{pho2~：粘在“花撩”表面的用大米做成的爆米花}低堆[3]底抵[5]对队[6]渧{ie2ie2~~：形容口水不断往下流}滤
th	[1]弟推[2]□{~lɛ1：不讲卫生}啼{鸡叫}[3]弟[5]剃褪退
ts	[1]椎槠猪锥[2]姐{姐姐的面称}[3]煮[5]□{~公子：豆子里的米象}姐{姐姐的面称}最醉[6]□{le6~：形容穿着破且脏}
tsh	[1]苎催吹蛆[2]□{消耗尽}垂捶锤随[5]迣{传染}[6]□{一种像大钹的乐器}坠{往下垂}遂{~去：随他}罪{~金：罚款，罚金}
v	[1]□{~型车子：旧时的一种车}为{做；搞}微[2]为围[3]委[5]微{~~子：慢慢的}[6]位卫{筑起篱笆}味
∅	[1]诶
#en	
h	[1]含{~金}[3]狠[5]□{捂着伤口；~脓：伤口含脓}
k	[1]庚{老~：男性对好朋友的面称或叙称}根羹跟[2]□{~钵：酿酒时蒸馏陶具的下半部分}[3]哽[5]□{~水：淬火}埂{山脊}□{~血：微火煮动物的血}
kh	[1]□{磕}[2]□{盖；按手印，画押}[3]□{用巴掌打}[6]□{凝固}
l	[1]冷[2]咙{喉~}伶{~thi6：干净}[5]靓{光滑平整}
n	[2]□{水果软}□{~ʦɿ1：爱干净}[3]□{不肯合音}[5]□{踮脚}□{~死：生病或受伤后不医治，拖延到死}奶
p	[1]□{~几：做什么}
s	[1]□{啮牙~齿：咬牙切齿}伸僧参牲生[3]□{用手用力抓挠}[5]擤[6]□{用力抓}
t	[1]□{把衣服或裤子整理好或将上衣衣摆塞入裤中}㽅灯[3]等[5]凳
th	[1]滕{沿着}[5]趁{跟随}[6]□{冷~牯：指常不言语且行动缓慢的男性}
ts	[1]罾{捕鱼工具，一种网}[3]□{鸡~：一种无顶无底、上小下大，用于关鸡鸭等的竹制器具}枕[5]□{烂脚~：有泉水渗出，田里水能高到小腿的田}挣{用力挣脱开}甑罾
tsh	[2]层{堆叠}曾橙[5]䉕{~子：用于蒸东西的有孔的炊具}[6]趁{~外：除此之外}
v	[1]瘟[3]稳
∅	[1]□{~禾tsa1：将禾抱起递给打谷的人}揞{~~子：形容稍微合拢的样子}[3]□{抱}[5]应[6]□{~ɤŋ6sɑŋ1ha6：一声特别响的雷声或者爆炸声等的拟音}
#eʔ	
h	[7]嘿{~ɕiɤ5：语气词，表示痛心且无奈}黑[8]□{住，定居}
k	[7]□{发愁}国
kh	[7]咳克[8]□{倒扣}刻
l	[7]棘{刺}[8]□{用刀轻轻切；皮肤裂开}
n	[7]□{掐}
s	[7]虱{塘~：一种池塘里的鲶鱼}塞息色虱饰[8]
t	[7]□{坐在凳子上趴着}得[8]□{语气词，提起某人注意}
th	[8]□{紧实}
ts	[7]□{想，思考}侧折责
tsh	[7]□{拉起鞋后跟}择[8]贼
∅	[8]□{打~kuiʔ8子：打嗝}
#i	
l	[1]哩理礼里[2]厘离[3]理[5]□{ʨhi5~ʨhi5~：形容人内向笨拙的样子}[6]□{做鬼~ʨhiʔ8：装模作样}利痢脷
m	[1]□{~鸡：小鸡}[2]弥眉[3]米美[5]眯{眼睛闭上}[6]□{~ɕi3：小气}□{小嘬}
p	[1]□{岔pi1子：禾苗的分蘖}碑蓖{~麻}陂{坝}[3]比髀[5]滗{过滤}痱痹箅{蒸食物用}背{驼}闭{~气}□{火熥~子：火熥多孔的盖子}[6]□{~pia6~pia6：形容像鸭子一样走路}
ph	[1]婢披皮被[2]□{~~phu1phu1：不厌其烦地张罗饮食}枇皮皮{叶子等的量词}[5]杮{芋荷~子粥：用芋荷叶煮成的粥}杮{火~子：用随便裁的木板组装而成的质量很差的棺材}屁□{寒毛~子：鸡皮疙瘩}[6]□{~liɛn2ʦe1ʦɿ1：一种像猪的竹鼠}□{~liɛn2kɤ1ʦɿ1： 一种像狗一样抓虫吃的野生动物}备币篦{用篦子梳}鼻
t	[1]嘀{~嗒：唢呐}李{本调不明}狸{狐~}里鲤[2]梨[3]□{给}□{这}[5]□{打转}□{~~：tsha1 四周，周围}[6]□{~~te6te6：形容一个人话多还说不到点子上}
th	[1][2]提[6]□{油~：松树油脂}地第
tɕ	[1]□{一种树}几基机箕脐萁{lu1~：狼萁}饥栀{黄~子}[3]姊{姐}几[5]□{戳}□{禾~：稻子接近根部的茎部}髻{高大植物的下面}剂季悸栖{鸡舍}祭系纪继计记迹髻{~冠：鸡冠}[6]叽
tɕh	[1]□{瞌睡}□{~微：有痒感}□{~盖：食物罩}倚崎{陡}欺齿{牙~肉：牙龈}柿{猴~子：一种野生植物，像柿子，果实小且多，可食}[2]葵{~菜：一种蔬菜}旗期棋荠骑齐脐蜞{ma1voŋ2~：蚂蟥}糍[3]□{要~：重要性}蛴[5]□{走路不稳}器戏气汽
v	[1]□{风吹树梢的拟声，通常是拖长声音}
ȵ	[1]你[2]□{形容翘起来的样子}仪绒{灯芯~}[3]耳[5]□{ȵia2~子：知了}[6]□{形容东西妨碍人}义二日艺
ɕ	[1]□{~kɔ1lɔ1sɑʔ7：形容东西摔得很破碎}嘻西[3]□{mi6~：小气}喜死起[5]□{~ŋan3ɕi5ʨhiɛʔ8：灰头土脸}四戏气
∅	[1]以依医衣[2]姨胰遗[3][5]亿意[6]缢
#ia	
l	[1]□{ʨia1~ʨia1~：用来形容动作很笨拙的人}[2]□{发~ʨia1ʨi5：脚趾或手指挛缩}[6]□{软~pia6：形容东西软绵}
m	[1]摸
p	[6]□{大}
ph	[1]□{张开}[6]啪{枪声}
t	[6]□{对人开玩笑}
th	[2]□{捉拿}提
tɕ	[1]□{残疾}[3][5]□{生~~哩：活生生的}借稼{雨~子：雨蛙}[6]□{乌乌~~：形容视线模糊不清或形容纸上乱写乱画}
tɕh	[1]□{手指聚拢，使物体固定在手中；挠痒；挣钱}掐[2]□{~lɔ3：蜘蛛}斜瘸[5]笡{陡峭}笊{捋柴草的工具}笊{鸡~个：形容潦草}[6]□{跨}□{~气：形容不聪明}
v	[1]□{~天~地：形容哭喊声很大}[5]□{~~丝：形容哭或者叫喊的声音比较大}
ȵ	[1]惹[2]□{~ȵi5子：知了}腻{不愿意，烦腻}[5]□{翘起来}[6]□{人碰到密集的矮小或者毛状物后不舒服的感觉}
ɕ	[1]□{张开}写{本调不明}[2]□{不正经}瑕{质量不好}邪[5]泻{天星~屎：流星}[6]谢{花谢；熄灭}
∅	[1]□{~~淡：形容食物不香}□{~嘴：芋头刺激嗓子发痒}呀喏野[2]□{~螺子：蜗牛}爷[3]□{用手抓}[5][6]□{敞开貌}夜
#ie	
tɕ	[1]□{青~：苔藓}鸡[5]□{~~：个个}寄鳜{~婆鱼：一种花斑鱼}□{~leʔ7ʦha6ʦɿ2：一种硬杂木}[6]□{几系和音}
tɕh	[1]徛{站}骑{~马归：一种婚俗，本调不明}[5]□{塘~子：放于池塘出水口防止鱼游出或流出的竹篾制品}□{打haʔ8~：打喷嚏}契
ȵ	[1][2]尼泥[3]女
∅	[1][2]□{~~te6te6：形容口水不断往下流}[3]椅[5][6]□{撒}□{~~哩：形容衣服领口敞得很大}
#in	
l	[1]□{水~poŋ3：旧时的碾米用具}林{本调不明}领[2]宁棱淋灵玲铃陵零棱{菠~：菠菜}[6]□{拟声词}令{~尺：惊堂木}
m	[2]门
t	[1]丁淋{本调不明}疔钉鳞[2]邻[3]□{~~吊吊：悬挂的样子}临{~时}顶鲮{~鲤：穿山甲}[5]叮{~ʦɤŋ1子：男性的喉结}
th	[1]厅听[2]亭停庭藤疼{mo2爷~：指出生前就失去亲生父亲的人}[6]□{~thiɔ6：形容小孩顽皮}定订锭
tɕ	[1]京今侵{~ɕiɛʔ8：对身体有害的东西侵入并攻击人体}君巾斤珍真筋粳精经蒸襟金针禁{~用：耐用}[2][3]枕紧震[5]劲境尽{~sɿ6：实在没办法而必须做某事}怔敬正浸禁证进针{打银~：针灸}镇振{抽搐}
tɕh	[1]□{鸡~：鸡胗}亲清蕈轻青[2]勤城寻尘情晨沉芹[5]□{~斗：责备}□{集体吃饭}庆秤称[6]沉{按入水中}檎阵阵{有~：有伴}盛{木~：出嫁的抬盒}
ȵ	[1]忍[2]宁{~愿：反正}人[3][6]认韧
ɕ	[1]□{~ʦɤŋ1：责备}兴升塍{田~，本调不明}心新星腥芯身[2]□{~tshɤŋ5子：秋千}乘唇{嘴~}形沿神绳辰{日~：白天}[3][5]□{~过：几乎}信兴型性
∅	[1]因嵊引荫阴音[2]□{米~：米浆}人仁壬寅瘾蝇饮[3]引饮[5]□{~斗：责怪}印洇[6]剩
#io	
tɕ	[1]□{潦草}□{把枝、秆、藤等折成一定长度用秸秆或藤等固定}□{~ʨiɛʔ7子：枳椇}[5]□{~螺风：龙卷风}[6]□{~~子：形容大群的人、昆虫或飞行的动物在动的样子}
tɕh	[1]黢{~乌：黑}[2]茄[3]□{拗，折}
ȵ	[1]□{揉在一起；字迹潦草}
ɕ	[1]靴[2]□{~~子：眼睛略闭的样子}
∅	[1]呦
#ioŋ	
l	[1]粱{高~}量{商~}[6]量
t	[1]两{本调不明}[2]凉梁{房梁}粮良量
tɕ	[1]刚{~~子：合适，恰巧}姜将浆[3]奖[5]酱
tɕh	[1]□{在被窝里翻来覆去}□{禾~角子：稻子分蘖}僵墙抢枪框腔杖{孝~棍子：孝杖}[2]墙[3]抢[6]□{赶快，赶紧}像
ȵ	[1][2]□{将就}娘[3][5]□{花~：好动，花样多}酿穰{稻叶、草叶}[6]□{哪样合音，怎样}让
ɕ	[1]乡享兄厢相箱香[3]想[5]像向相[6]匠象
∅	[1]养央拥{水打沙~：投河自尽}痒秧鸯[2]□{~~子：形容坡度缓}□{~水：船上的挡水板}杨洋羊阳[3]养氧[5]样[6]养{敬神}旺{热闹}佯样上{鞋~，背脊~}□{~肠：腊肠}
#ioʔ	
tɕ	[7]䦆脚角[8]脚
tɕh	[7]□{~水：用瓦片或瓷片打水漂}
ȵ	[7]箬□{~人：玻璃丝或秸秆碎叶等给身体造成不舒服的感觉}[8]逆{~水}
∅	[7]约{称米}□{~坏：得罪}[8]药
#iu	
tɕ	[1]拘車[3]矩[5]剧句锯
tɕh	[1]抽[3]取[5]□{掰开}去{文读}翠{翠鸟}[6]就{~佢：随便他，迁就他}就拄{~棍子：拐杖}
ȵ	[1][2]渔鱼[3]女
ɕ	[1]吁圩墟{集市}须{~字旁}丘{细~子：面积不大的水田}臼{碓~}
∅	[1]有[2]如[3]宇雨[5]芋[6]右柚淤芋釉铀
#iuin	
tɕ	[1]军莙{~荙}[3]卷{~烟食}
tɕh	[2]裙
ȵ	[2]银
ɕ	[2]巡
∅	[1]晕[2]云匀壬{~田：乡镇名}耘{~田：在稻子分蘖期间将草等踩入泥里的除草行为}[3]耘{弄乱}[6]□{用小火熏烤}运闰
#iuiʔ	
tɕ	[7]桔橘
∅	[7]熨{火烤竹子使竹子弯曲}役
#iuɛ	
tɕ	[3]虮{蚜虫}
tɕh	[6]倦{累，疲劳}
∅	[1]依{ko1~ke5：表无奈，觉得没有必要}[6]纬{缝合：~鞋舷}
#iuɛn	
tɕ	[1]捐皲{皮肤皲裂}[3]券卷捲锩笕{田间引水的木管}
tɕh	[1]圈[2]全拳泉[5]楦{鞋~： 一种塞入鞋头、鞋跟、鞋口使鞋能平整的工具}纤[6]纤{打~：为停泊打桩}健{因水放少了，煮熟的米饭或和的米粉比较硬的状态}旋{旋涡，毛涡；旋转，绕圈}
ȵ	[1]愿{宁~：反正}软[2]□{~之乎：随便；要不是}丸元原[6]愿
ɕ	[1]□{整理}[2]悬[3]䘆{蚯蚓}癣藓[5]炫[6]□{~烫：一种用于烫酒、倒酒的大器具}
∅	[1]冤[2]丸园圆缘{攀爬}[3]远[6]院
#iuɛʔ	
n	[8]月
tɕ	[7]蕨{~子：一种野菜}羯{阉割}掘{刨，挖}诀□{~鱼：甲鱼}
tɕh	[7]缺[8]绝
ȵ	[8]月
ɕ	[7]□{~肚：拉肚子}血雪[8]
#iɑŋ	
l	[5]□{引人羡慕，炫耀}
m	[2]名[6]命
p	[1]□{酒~：酒曲}[3]饼[5]偋{藏}屏
ph	[1]□{铜锣~：稻秆制的蒲团}□{~网：撒网}□{~子：地方}[2]坪平[3]偏[6]病
t	[1]岭领[2]□{~之：这里}[6]□{~众人：丢人}
tɕ	[1]荆{黄~}惊精{~肉：瘦肉；植物茂盛；好看}[3]井颈[5]□{向下倒转}□{~kɑʔ7le2：一种野生植物，可做药材}镜[6]□{放在句末，表询问语气，有寻求认可之意，相当于“对吧”}
tɕh	[1]请{本调不明}轻腥{phɤŋ1~：形容物体发出或吃起来有味；~气：植物的一种气味}[2]擎{~伞：打伞}晴[6]儆{~嘴：忌口}净
ȵ	[2]□{举}[5]䁐{看守；~牛：放牛}
ɕ	[1]兄[3]醒[5]□{直~：很直}姓性{发~：发脾气}[6]
∅	[1]萦{绕，线~子：织线的机器}[3]□{叫，让谁做某事}影[6]□{乌~：黑色的痕迹}□{印记，痕迹；植物被更高大的植物遮挡住阳光}
#iɑʔ	
p	[7]壁
ph	[7]撇{指雨斜着下}[8]□{~~子：突然}
t	[7]□{把尿；提，抬}
th	[7]□{绑，捆}
tɕ	[7]脊{背~}织□{厉害能干}鹊
tɕh	[7]□{篾~：篾片}吃{~亏}□{眉尾上翘，显出凶相}刺{绣，纳}[8]□{~子：一种根据八字测算命运的方法}席
ȵ	[7]□{~子：阴唇}额
ɕ	[7]淅{米粉}惜锡鹊[8]
∅	[7]□{乌~子：一种鸟}[8]□{挥动}乐{~食：贪吃，好吃}
#iɔ	
l	[1]□{pɪn1lin1piɔ1~：形容跑来跑去，跳来跳去的样子}寥撩蓼{辣~}[2]□{量词，用于细的物体}寮獠镣[3]了[5]撂[6]□{~~thiɔ6thiɔ6 形容东西固定部分半松脱的样子}料
m	[1][2]苗[5]渺猫[6]□{~ɕi1：形容不声不响}庙
p	[1]飙{跳}标膘表镖[3]表[5]俵{分发}
ph	[1]嫖飘[2]嫖漂薸{~子：浮萍}[5]泡漂票
t	[1]□{~~哩：特地}叼鸟[3]鸟{性交}[5]□{ʨhiɔ2ʨhiɔ1~~：撒娇}吊调钓
th	[1]挑[2]条调[5]掉粜跳[6]□{瓦~子：有把手的茶壶}掉调铫{旧时制作麻绳的器具；砸，锤，踢}
tɕ	[1]交{和，包括}椒胶蕉饺[3]噭娇缴[5]叫噭{哭}醮
tɕh	[1]艄藠锹[2]□{向对方提要求}桥[5]□{箩~：箩筐底部两根交叉的尖竹片，支撑箩底用}撬翘[6]□{~ka5∅ie1ʦɿ3：旧时小孩坐的竹制的儿童椅}嚼轿
ȵ	[1]□{不要合音}[3]鸟[5]□{弯，翘}跷[6]□{ȵi2ȵi1~~：形容翘起来的样子}尿
ɕ	[1]□{青~梨：一种青色的梨}消硝稍艄萧销[3]小晓[5]□{白~：一种很白的鱼}笑
∅	[1]□{湿软，稀}妖腰邀[2]摇窑[3]舀[5]要[6]□{~~哩：形容眼睛翻白的样子；~~ʦha1：形容全身抖动 的样子}耀跃鹞
#iɛn	
l	[1]□{古代的铜币}□{用小火炒}联[2]涟莲连[3]脸[6]楝殓练链
m	[1]□{o2~：唤牛的声音}[2]棉眠绵[5]面[6]面{麺}
p	[1]□{~刨：一种木工工具}边鞭[3]□{蘸，沾}匾扁[5]便变{变化，办法}
ph	[1]偏编[3]偏{~旁}□{边}[5]片[6]偏{~衣裤：裤腰肥大，需将裤腰束紧后往外翻卷的裤子}辫
t	[1]佃{~租}癫颠[3]□{~pe1子：一种鱼}典点镰{~刀}鲢[5]□{塞；拼命吃；~禾子：用手将用水或尿浸湿的植物灰塞在每株禾苗下}垫店点
th	[1]天添田[2]填甜田[6]垫奠电
tɕ	[1]□{挤}坚奸尖{将楔子等插入榫子缝}捡检煎粳肩蘸[2][3]剪[5]□{副词，所有}溅箭见
tɕh	[1]□{~狭：心胸狭窄}千堑牵签迁钎[2]前钱钳[5]□{碾压，擀}堑{大石~：深的石壕沟}欠[6]件嵌贱键
ȵ	[1]□{蛤蟆~：蝌蚪}捻研{碾}鲶染[2]年言黏[3]□{蛤蟆~：蝌蚪}捻[5]□{拿}[6]念
ɕ	[1]仙{玩耍}先鲜鳝[2]舷{边缘}[3]□{~ɕiɛn3~ɕiɛn3：形容外套不扣或不拉链的样子}显闪[5]扇线{~光：闪电}[6]□{旧迷信，“撞头七”的死者变成鬼}善苋□{~鸡：已绝育的鸡}
∅	[1]□{掀开}沿演{~稳：客气}烟焉腌鸳[2]□{~灯子：孔明灯}□{~muɛ1子：指很瘦小的人}檐沿盐阎[5]焰燕胭雁[6]县
#iɛʔ	
l	[8]列洌{形容水多貌}
m	[7]□{掰开；辞退}□{~肠膏：网子膏}□{~子：一种小斧头}[8]篾
p	[7]□{女阴}
ph	[8]别
t	[7]□{打~：追逐打闹}滴贴跌[8]□{~子：微量，一点点}□{~首：立马}猎{追，赶；跟着；配种；模仿}
th	[7]帖碟贴铁[8]□{砍削；~颈}碟蝶
tɕ	[7]□{~面女：养女}夹折挟接结{砌}结节荚诘颊{面~}[8]□{说个不停}诘
tɕh	[7]□{狗等用脚刨；用棍子、铁片等工具刨}□{从地上或床上、椅子上起来；从一处到另一处去}□{出~子：旧迷信，出现离奇的坏事}胁{手~下：腋下}切[8]□{拉起鞋后帮}切{疑为变调}缺{疑为变调}
ȵ	[7]□{将袖子卷起；搬}孽{调皮}捏摄[8]□{编织}业月热
ɕ	[7]歇{睡，躺}[8]折{亏损}圾{laʔ8laʔ8~~:形容又脏又破}携涉穴{坟墓的量词}舌袭{侵~：对身体有害的东西侵入并攻击人体}
∅	[7]□{~声：声音嘶哑}乙挖{用手挖}□{~螺子：螺丝（动物）}靥{酒~子：酒窝}[8]叶页
#iɤ	
l	[1]□{一球~:一团}柳溜[2]流溜硫[3]旅[5]溜滤[6]□{ȵiɤ6~ȵiɤ6~：扭来扭去}
t	[2]鰡{乌~：一种黑鱼}刘□{~你：随便你}
tɕ	[1]周灸韭{本调不明}[3]九酒[5]□{背过身或别开脸}久咎{责备}救昼[6]□{拧}
tɕh	[1]丘抽桕{乌~树}秋臼舅鳅聚{使之聚拢}[2]兽{本调不明}求球稠绸逑[3]舅{~母子}[5]臭舅{面称}[6]□{用烟薰}就旧舅{~氏：外氏}袖□{赶狗的话}
ȵ	[1]扭{~枣：麻花}[2]扭{~ʨiɤ5：形容人不好相处}牛[3]扭[5]扭{~丝旁}[6]扭{拧，转动}
ɕ	[1]□{~凉：受凉，着凉}休修咻守{本调不明}收羞须{胡~}[2]□{~~~~：形容不停聊天}飕[3]□{一下~：一段很短时间；很快速度}□{出~：八仙将棺材抬到“烧棺”处}手首[5]去{白读}秀绣[6]寿
∅	[1]呦[2]油游鱿[3]酉[5]悠{~~子：慢慢地}[6]佑
#iɤŋ	
t	[1]□{猛冲；乱窜}[2]菱{~角}龙
tɕ	[1]□{蒜~：蒜苔}弓[5]供{养}
tɕh	[1][2]松穷[6]共{~下}
ȵ	[2]浓
ɕ	[1]兄凶松胸[2]□{丑}雄鳙
∅	[1]拥壅{用肥料或草等盖住农作物与地面接触的周围区域}[2]容[6]用
#iɤʔ	
t	[7]录{关；鸡鸭~行来}六[8]绿
tɕh	[7]□{植物生长}曲畜菊
ȵ	[7]肉[8]入
ɕ	[7]□{木~子：小木塞}粟[8]俗
∅	[7]□{盖住}[8]浴
#iʔ	
l	[7]□{~liʔ7~liʔ7：抽泣的样子}[8]□{清脆声}历痢立
t	[7]滴笠[8]力栗
th	[7]□{~thiɑʔ7：形容小孩调皮，不听话}踢[8]特{~事：故意，特意}
tɕ	[7]□{打~koʔ7：相互暗地诋毁，使绊子}□{打~kaʔ8：聊天}渍{饭~：残留在牙齿上的饭渣}叽吉急执橘汁{猪食}渍积织脊质□{~架子：分离作物淀粉时用于架沥水器具的架子}[8]□{~~kuiʔ8kuiʔ8：私下使绊子害人；捣鼓}吱
tɕh	[7]□{潭~子：一种生长于在池塘、江河等石缝里的黑色小鲶鱼}七出戚漆膝[8]□{~脚：挤脚}侄楔疾直蛰
ȵ	[7]日[8]
ɕ	[7]翕{盖上盖子水煮；焖煮}吸席式息湿熄[8]□{~落：使之老实}十吃实席食
∅	[7]一益[8]熠{~~子：形容亮光闪动的样子}液翼
#o	
h	[1]□{~痨病：咳嗽和痰多的病症}合{~夜：旧时包吃住的客栈}呵[2]□{~当下：因顶稍太重而弯下去}何和河荷[3]伙火[5]□{~~猎猎：追逐打闹}货[6]嚯祸贺
k	[1]□{钝；~mo1绝代}哥廓歌过锅[2][3]果裹餜馃[5]哥过过{传染}过{菜放在锅里重新加热}[6]□{~~：儿语，乳汁}
kh	[1]□{铲拢；挖}[3]可{稍为减弱}[5]□{~~滚：食物酥脆}课[6]□{咳嗽}
l	[1]□{~寒：寒冷}啰[2]□{五~：鞋位于脚跖骨处的部分}箩罗脶萝螺踝锣[6]□{咳嗽}
m	[1]□{~mo1绝代}摸[2]磨[5]嬷{对叔叔的妻子的面称}[6]□{挨近，靠近}磨蘑{~蕈：一种蕈}
n	[1]□{o1~子：猪的别称}[2]挪{用两手揉搓}[5]□{用脚踩}[6]糯
p	[1]□{肿}□{~松：蓬松}坡菠煲[5]簸[6]□{~~跌：形容固体物一个一个掉落的样子}
ph	[1]□{被~：被窝}[2]婆[5]破{劈开}破
s	[1]□{吮吸}嗦梭缩蓑[3]锁[6]□{~~滚：刷刷地}
t	[1]多朵{本调不明}躲{本调不明}[5]□{ŋo5ŋo5~~：形容人痴痴傻傻}剁[6]□{形容下坠，下垂}
th	[1]拖[2]坨砣陀驮驼[3]妥椭[6]堕{往下坠}堕舵
ts	[1]□{kan3：全部}[3]左[5]作做
tsh	[1]坐戳{~口厅子：没有门的祠堂}挫[5]□{~口：被辣的东西呛咳嗽}搓{~子：厨房的刨丝工具}错[6]□{所有权归属}座□{锅里蒸加热饭菜；用于蒸制的开口容器；酿酒使用的蒸馏器具的上半部分}□{~~哩：形容脖子短}
v	[1]□{混合}窝[2]和禾[6]和{混在一起}
ŋ	[2]□{磨损}蛾蜈[5]□{~~to5to5：形容人痴痴傻傻}讹{痴傻；欺骗}[6]饿
∅	[1]□{扑克Q}屙涴{糟~：肮脏}阿[2]□{~no1子：猪的别称}[5]□{~no5：糟蹋东西}[6]□{~~：对伯父的妻子的面称或叙称}哦
#oŋ	
f	[1]坊方荒隍{本调不明}枋[2]房[3]纺
h	[1]□{~tɕhin6：当地的抬盒，破四旧后被“箩”代替}糠[2]楻{桶~子：旧时用于装米的大桶}□{对人说话口气凶且声大}房行[5]放[6]巷项
k	[1]纲{草鞋上起固定作用的麻绳；~鸭：一群鸭}光岗扛更江缸讲{~口：吵架}豇钢[3]广[5]□{揩，擦}杠{量词，排，行}虹钢
kh	[2]□{~kho1pi5ʦɿ1：一种有花纹的扁小的鱼，花纹多样}[5]螃{~蟹}炕{烙}矿
l	[1]□{涮}□{~pɔ5：形容秸秆、柴草等捆在一起蓬松而体积大的样子}[2]□{松~子：松苗}廊榔狼郎郞[3]朗[5]啷朗[6]晾浪
m	[1][2]芒[3]网[6]望
n	[1]瓤{红~柑：果皮和肉均是红色的柚子}[2]□{浪费}□{~ne1子：蜻蜓}囊[6]□{哪样合音，怎样}
p	[1]帮梆[3]梆棒榜泵磅{打~：夯实泥土}□{稻田空隙的小沟}绑{以菜肴佐食，下饭，下酒}
ph	[1][2]旁[6]□{牙~：嫁妆}□{~鼓：一种鼓}
s	[1]上丧伤双商桑绱{~鞋：把鞋底缝在一起}霜[3]上{安装，拼装}爽[5][6]上尚
t	[1]当挡裆[3]党档[5]□{~tɪn1子：喉结}当
th	[1]汤膛[2]唐堂塘{~镬：一种大锅}桐{梧~，可能有误}糖[3]桶筒[5]□{脚打滑}□{泥瓦匠粉刷的方形工具}淌烫趟[6]宕{耽误}
ts	[1]□{~回子：以前}妆庄张桩樟章装涨{~水}[3]掌长[5]仗壮帐涨葬账障
tsh	[1]丈仓椙疮[2]□{~ʨin5：驱鬼的一种说法}场常床肠长[3]厂场[5]唱[6]撞状
v	[1]往汪[2]□{~楼：旧式房屋的木楼板}王皇蟥黄[3]往[5]□{一堑过~：长度单位}[6]□{秤尾翘起}望{~风：旧式房屋的垂脊}
∅	[1]昂{~回子：以前}[6]□{河~：河里}
#oʔ	
h	[7]□{放在锅里小火烘烤：~番豆}[8]□{~子：开设妓院的女人}学鹤
k	[7]桷{~子：架在檩上的木条，用于架屋面板和瓦}□{打ʨiʔ7~：相互暗地诋毁，使绊子}各角[8]□{打~ka1：指母鸡处于孵卵期时发出特殊叫声}敲
kh	[7]□{用棍子打落果实；磕破蛋壳}□{红~子：一种捕食泥鳅的鸟}壳
l	[7]□{偷情}落{~食：养活自己}[8]络{缠束}乐落骆
m	[7]□{两手端}[8]沫膜
p	[7]剥博膊舶驳驳{一段时间}[8]□{节~：树疤}扑
ph	[7]拍{~粉，~像}[8]雹
s	[7]□{失去：~命；~水}□{哄逗}勺朔[8]勺
t	[7]□{~ʦho6：经常，总是}□{糊泥巴；热敷；涂抹}□{扔}□{量词，坨}[8]□{~~哩：赶快}
th	[7]托[8]择{挑选}
ts	[7]斫{~柴；砍柴}作啄捉{~猪子：买小猪}桌着{穿}着{结瓜果}
tsh	[7]□{张口貌}□{用脚轻踢}□{~地ku3：平整田垄}[8]□{~子树：一种带刺的硬木杂树，种子可食}凿着{~火：失火}
v	[7]镬[8]
ŋ	[7]□{傻}□{~水：扎猛子}
∅	[7]恶{~个：感叹词，表觉得很厉害或很满意}恶[8]□{惊呼、醒悟的语气词}
#u	
f	[1]口{~lan1：口水}乌{~桕，~蝇}乎呼夫妇户{~ʨhiɛn1：门槛}扶铺{一~床}灰{灶lɔ1~： 灶膛内的黑灰垢}[2]壶湖狐符胡葫蝴葫{~蒜：大蒜}[3]□{~柴子：一种果实为红色的野生植物}斧苦虎[5]□{~柴子：一种果实为红色的野生植物}付戽{汲水}裤附{~胎：猫或狗交配}[6]傅副妇户护腐负
k	[1]□{nen1~子：乳房}佢{他}姑箍菇固{本调不明}[2][3]□{方头方~：指比较方正的田垄}古牯股鼓[5]姑{面称}故雇顾[6]□{~~ʨhin1：很青}咕
kh	[1]枯楛[3]苦[5]库
l	[1]□{~ʦuɛ5：漱口}卤撸芦{~萁：狼萁草}鲁黸{锈}[2]耳{木~}如捋{挽起}掳{抱起}炉驴鸬[5]露[6]噜路
m	[1]莓{黄花~子：一种野菊花}□{打tɤ5~：大伙凑钱一起聚餐}母[2]摹模[5]墓
n	[1][2]□{~~~~：形容念经、念咒语等的声音及样子}奴[5]
p	[1]□{蹲}□{指发酵时气泡多的状态}妇{新~}晡脯[3]补[5]□{喷}埠布脯
ph	[1]潽簿铺[2]□{烧；~锅：蒸饭的锅}扶朴{~鸭：一种鸭子}瓠{葫芦}菩蒲符{~phi6：画了符号并施过法术的符}[3]谱[6]步部
s	[1]书梳疏蔬酥[3]□{厚~~哩：厚厚的}数暑[5]塑数[6]树竖
t	[1]赌都[3]□{~子树：一种制作犁底的硬杂木}堵肚赌[6]都
th	[1]肚[2]图屠徒涂[3]土[5]□{~ku1tiɔ1：一种鸟}兔吐[6]□{就}渡
ts	[1]朱珠租[3]主祖[5]注
tsh	[1]初柱粗[2]厨橱除[5]处醋[6]住
v	[1]□{~ʦuɛ5：食物使口腔感到发涩}呜坞抚污[2]□{~sɿ1：形容吃东西不矜持}湖{小坑}乌坞无[3]伍武舞[5]呜雾[6]务悟戊
#ue	
k	[1]归{~屋下}癸规闺龟挂{~子锁：旧时的挂锁}[3]鬼[5]桂贵
kh	[1]亏盔[2]葵[3]跪[5]块[6]柜
ŋ	[2]桅[3]伪
#uin	
k	[1][3]滚磙[5]棍滚{翻身，反转}
kh	[1]□{le1~子：传统儿童游戏“滚铁环”}捆荤[5]□{le2le1~~：球状物滚动}
l	[1]□{将食物放在没有牙齿的口腔中用舌头舔}[2]轮[6]□{量词，圈}论□{芒冬~：一种形似老鼠，以芦苇根为食的野生动物}
n	[1]□{~色子：掷骰子}[3]撚{用指头捻}[6]嫩
s	[1]孙荪{嫩芽}[3]□{嫩~：植物鲜嫩}损笋[5][6]顺
t	[1]墩燉[3]墩{木桩，整块石头}[5]□{将尖头的物品用力扎入；跺脚}墩{竖立}钝
th	[1]□{vɪn2~：野菜，地衣}[2]囤{用泥土填充}[6]顿{暂停，停顿}
ts	[1]尊遵[5]圳{水渠}震振{震动}
tsh	[1]春蠢{本调不明}[2]存[5]寸拵{用力按压着擦，搓}
#uiʔ	
k	[7]□{搅动}嗗骨[8]□{打eʔ8~子：打嗝}
kh	[8]掘{用手指甲抓，挠}
l	[7]□{脱落，滑落}[8]□{kuiʔ8~：吞咽声}
s	[7]□{塞，贿赂}[8]□{直~：直接的}□{抽泣}
t	[7]□{顶着}[8]□{矮~子：又矮有粗壮的人}嘟
ts	[7]□{塞，塞子}卒
tsh	[7]出[8]□{揩抹；~子：橡皮擦}
#uɛ	
h	[1]开灰[3]海[6]害
k	[1]颏{脖子}该[3]改{挖}拐[5]盖
kh	[1]开[5]块
l	[1][2]来[3]来[5]□{用棍子打}[6]内{~里：里面}外{~头：外头}
m	[1]□{头~：棺材头}[2]莓{~子：一种野果}媒枚梅煤踝{脚~}脢{背~肉}□{~子：引诱别人上当的骗子}[5]外{~婆}妹[6]磨{磨蹭；~蛋：摸鸡的肚子看是否有蛋}会
n	[6]内{~里：里面}外{~头：外头}
p	[1]□{戏弄}播{为把田里的土翻松而驱牛犁田}[2][5]背
ph	[1]□{草~蛇子：一种有毒的小蜥蜴}坯{泥~子：泥块}胚[2]脢{背~肉}[6]吠焙{用微火烘}背
s	[1]鳃[5]岁税赛{~杀：相互打杀}[6]□{鸭子吃东西；虫蛀}税{租}
t	[1]堆[5]□{哑聋~死：形容不明事理}对碓
th	[1]梯胎苔[2]台抬[3]腿[6]代待怠袋
ts	[5]喙{嘴}嘴载载{装饭}
tsh	[1]在[2]□{疖子}才材蔡{~郎哥：赣南采茶戏里《蔡郎别店》里的主角“蔡郎”}裁财[5]菜{~头：萝卜}[6]裁{量词，段，截}
ŋ	[2]桅{~斗： 为贞洁的男子竖立的石碑}[6]外{~sɿ6：指妻子的娘家}□{~suɛ6：别扭}
∅	[1]□{母系背称}唉煨[2]□{o6~：对伯父的妻子的面称或叙称}[6]会
#uɛn	
h	[1]旱欢[2]寒{~鸡：一种白色的大野鸡}函寒涵{下水道}[5]汉{罗~子：风帽上的白铜}汉[6]唤汗翰
k	[1]倌关{ʨiɑŋ1~键：正好}冠官干杆柑棺甘秆肝观赶{~圩}馆[3]感{风~：风寒}秆管[5]墈{田~：较高的田埂}干灌罐贯
kh	[1]关[5]墈{有一定落差的断面上}看
l	[1]□{圈~箍子：圆环状物体}鸾[2]□{用柴刀砍}[3]卵[5]僆{还未下过蛋的母鸡}[6]乱
m	[1]□{~鼓：制作鼓}晚{排行最小}满[2]□{缝制}[3]
n	[1]暖[2]□{怎么；怎样}[6]□{山~里：深山里}
p	[1]□{~做：以为}搬般[5]半
ph	[1][2]盘蟠[5]判[6]伴办{~酒；~东道：办酒席}
s	[1]吮{放进嘴里舔}酸[2]吮{鸭子或鹅用嘴衔东西吃或啄人}□{~鳞子：一种鱼}船[5]算蒜
t	[1]□{这么}短{本调不明}端[2]联{用针线缝}[5]塅{~子：田地等处的台阶}锻
th	[1]断[2]团[6]塅{较高的断面：田~}断段缎
ts	[1]砖[3]转[5]□{倒塌}转钻
tsh	[1]□{~作田子：质量很差的田}川穿闩[2]传[5]串{禾~：稻穗}
∅	[1]安庵碗[3]完{~身：身上}碗[5]□{老~：总共才}暗案
#uɛʔ	
h	[7]渴[8]欢{~ɕiʔ7：喜欢}合活盒
k	[7]□{打~：童养媳与丈夫首次同床}割葛合{相处；匹配；~江：河流会合}□{~网：类似于“拦河网”的捕池塘里的鱼的渔网}[8]□{laʔ8~8laʔ8~：形容衣服或鞋过于宽大的样子}
kh	[7]阔{宽大}
l	[7]□{用锄头将东西拢起并转移东西的行为}□{~楼phɤʔ8：木匠制作木楼板}[8]捋{用手指顺着抹过去，使物体顺溜或干净}
m	[7]抹[8]末沫
p	[7]发{点亮，~蜡烛；~着火来：开灯}拨钵
s	[7]□{端起碗或杯子大口喝}刷[8]唰{拟声词}
t	[7]□{用锄头等勾起泥巴并转移，搬放有嫁妆的箱子}
th	[7]脱[8]脱{自动词，脱落}
ts	[7]□{打~桶：拔罐}嘬{聚缩嘴唇吸取；汤粉、汤面、海绵等吸水}[8]嘬{用力嘬}
tsh	[7]□{蹿出}□{行骗；~食pha6子：一种鱼}撮[8]在{~家：在家}
v	[7]□{~药：敷草药}
∅	[7]□{~药：敷草药}
#ɑŋ	
f	[2]房[5]□{~红：泛红}
h	[1]坑[2]行[5]起
k	[1]经{~丝：蚕吐丝}桄{凳腿之间的横木}哽庚更羹耕迳[2]□{那样，那里}[3]哽梗[5]□{狗屎~子：专用于捡粪的烂畚箕}降□{行走时接触到}
kh	[1]□{~聋：耳聋}[6]□{~~哩：快速行走的样子}
l	[1]啷[2]□{~~pɑŋ5pɑŋ5：各种各样的}[3]朗
m	[1]□{长}幎{遮盖住}□{酸}[3]蜢[5]□{大水~：指洪水冲来的各种东西}蒙{打尘~：除灰尘}□{~子蔸：一种可做药材的植物}
n	[1]□{se2~婆：指瞎说话的女性}囊[2]□{~之：哪里}齉{~~nɛ6nɛ6：形容鼻涕横流的样子}[5]□{~包子：猪大腿与身体接合处的部位}□{用脚蹬或踹}□{大声喊}[6]□{狗~线：瞎说，瞎写}
p	[1]㧍{拔，用力拉}[5]□{说，插入其他话题}
ph	[1]□{量词，两~蛋}□{用力摔门}□{鸭~子：鸭的喉管}[5]泛{内里不饱满或空心；形容人不诚实}[6]□{踩}澎{~vu2：田里一处深泥地}
s	[1]声牲生甥鉎{镬头~：铸锅的锌}[2]成{将近，接近；愿意做某事}城[5]圣{跳~：跳大神}
t	[1]□{se2~se2~：形容一个人穿戴不整齐}[5]铛[6]□{说话，带贬义色彩；调侃}
th	[1]□{~光：陶器、布料等锃亮、反光}
ts	[1]㬹{手肘，脚跟}争正{~月}踭[3]整[5]正{才}整正{表完成}
tsh	[1][2]成{比率}昶{光线刺眼}[5]撑{顶住}[6]撑{拼命吃；~腿：运动过度导致的肌肉酸痛}
v	[1][2]横[5]□{限度，相当于“过头”的“头”}[6]□{犁~刀：犁上的尖刀}□{扔}□{~竹：一种比黄竹质更厚的竹子，竹质较硬}
ŋ	[6]硬
∅	[1]罂{瓶子}[5]□{即使多么}
#ɑʔ	
f	[7]□{翼~：翅膀}□{用棍状物拨}
h	[7]吓
k	[7]格{风水里的测算；用筛子将粉或米等与杂物分开}隔
kh	[7]客[8]□{用手掐}
l	[7]沥{山涧}□{舀}[8]□{瞟一眼}
m	[7]□{水~子：一种水边生长的野莴苣}麦[8]□{拍}麦
n	[7]□{大声喊}[8]搦{捏；拧；瓶子等器具的颈部；用手抓出一定形状}
p	[7]伯掰{撕开；双腿张开；拉扯；采摘}百[8]□{~烟：抽烟}
ph	[8]□{起~：砻使用后，中间变低，周边竹篾变高的现象}白
s	[7]□{块}□{用拳头捶}[8]□{捶打；摔}石
t	[8]□{~~哩：形容快速行走的样子}
ts	[7]炙{烤火；在太阳下晒}苲{压}只摘[8]□{啧}
tsh	[7]赤{人的样貌等不好看}坼尺拆斥赤[8]□{石头剪刀布}
v	[8]划{笔~}
∅	[7]轭
#ɔ	
h	[1]好{可以了}[2]籇{捕鱼的器具}毫豪[3]好[5]好孝[6]□{霸占}皓{横~：天亮很久}号孝
k	[1]交搅{本调不明}敎教篙糕膏{猪~油：猪油}高[3]搞槁稿[5]□{邪邪~~：形容不正经}叫告敎珓窖铰
kh	[1]□{sɿ6khɔ1：一种植物}靠{交叉}[3]考[5]□{马~子：一种山上的植物，其果实未成熟时是绿色，成熟后变成红黄色的，可食，不怎么甜}烤铐靠
l	[1]□{灰烬}寮{本调不明}捞{牛吃草或庄稼}[2]劳捞牢痨[3]□{ʨhia2~：蜘蛛}佬老[5]□{疏}□{~~子：经常}[6]□{重量量词，十斤}
m	[1]毛[2]冇茅[3]卯[5]□{猪拱；嘟嘴}[6]帽
n	[1][2]□{锚}[3]脑[5]□{用眼睛看}[6]□{毒，动词}闹
p	[1]□{nɑŋ5~子：猪大腿与身体接合处的部位}包胞苞[3]保宝[5]□{loŋ1~：形容秸秆、柴草等捆在一起蓬松而体积大的样子}报暴爆豹饱
ph	[1]抛抛{颠簸}袍[2]刨婆{牛虱~子：苍耳}浮[5]刨泡炮[6]□{~鼓子：一种乐器}抱爆菢{孵化}
s	[1]筲{~子饭：草编饭袋里装的饭}梢烧稍臊骚[3]嫂少[5]□{~ȵia5子：乌饭子}筲{马~：搭载肩上的黑布，布两端各有一个口袋}哨嫂扫[6]□{游游~~：游荡；去田里转转}
t	[1]刀叨悼{本调不明}[3]倒{倒塌；砍}朵祷[5]□{研制}倒到稻道
th	[1]稻[2]桃陶[3]讨[5]套{这~子：这会儿}套[6]道
ts	[1]招朝棹{打~：摇橹}燥{干燥}糟遭[2]潮[3]早枣澡爪蚤[5]□{蚂蟥等虫子钻进人体}灶照笊罩
tsh	[1]□{~子：稗子}□{聊天；欺骗}抄槽{油~树：榨油时需用的木材}潮草[2]朝槽潮[3]草[5]□{翻找}燥糙草[6]□{吵闹}兆浞{淋，使湿}皂造
ŋ	[1]咬[2]□{歪}□{火烧~气：烧焦的味道}熬[3]咬[5]□{昂}[6]□{~气：怄气}
∅	[1][3]拗[5]坳{地名}
#ɛ	
f	[2]怀{~乐：快乐}淮[6]坏
h	[1]□{~天~地：形容风雨或声音迅猛}[2]还鞋
k	[1]街解{本调不明}阶{檐~：屋檐滴水下去的屋檐台基}[3]拐改个{远指}[5]个{瘸~：腿瘸的人}怪戒界芥解{锯}
kh	[1]荷{挑；负担}[3]楷蟹[5]快揩{划，擦}筷[6]□{赖~：形容人松松垮垮}
l	[1]□{te2~：不讲卫生}拉[2]遗{落下；~尿：尿裤子}[3]□{称重时，秤尾往下掉}[5]萘{山~}徕{~子：男孩}癞{麻风}赖{躺}[6]赖{~命：死乞白赖；~败}
m	[1]买[2]□{~vu1子：一种萝卜}埋[6]卖
n	[1][2][3]哪奶[5]奶{对祖母的面称}[6]□{nɑŋ2nɑŋ2~~：形容鼻涕横流的样子}奈
p	[1]□{~鱼子：用罾捕鱼}[3]摆[5]拜
ph	[1]□{植物因根浅等原因歪斜}[2]□{~phi6：宁可}排牌簰{竹筏}[3][6]败{~ɕin2：毁坏}
s	[1]筛[2]豺{~虫：蛔虫}[3]□{光~：明亮}[5]晒[6]在{所~：地方}
t	[5]代带戴[6]大
th	[1]拖{~鞋：拖拖鞋}[2]□{甩动棍子或者竹子用力打}汰{~衫pe1：锤击洗着衣物的棒槌}[5]太[6]大袋
ts	[1]哉斋灾[3]载滓{渣~炉：无人认领的尸体的焚化炉}[5]债再{~sɿ1：从来}
tsh	[1]□{坐着前后左右摇摆凳、椅、桌子等或者用手推，容易使之散架}搓猜采□{能制作草鞋底的绳子或线的植物}[2]材柴豺{~狗}[3]□{硬~：硬}踩采[6]□{~脑：大䥽}在寨
v	[1]歪[6]外
ŋ	[1]我[2]挨{拖延}捱{忍受}蛾{~子：蝗虫}[3]□{老~：老鹰}哪[5]艾[6]□{摆脱}
∅	[1]挨[3]矮[5]矮
#ɤ	
f	[1][2]浮
h	[1]□{~lɤ2子：沟底}厚后{~日}[2]□{水~子：一种动物}䞀{特别想要，馋}喉猴侯[3]口[6]后{~生}
k	[1]□{沙~子：一种鱼}佝{~偻}勾沟钩鸠□{石~子：洋镐}[3]狗[5]够構{结冰，冰冻}
kh	[1][3]口[5]□{尺~：布、呢绒等的宽度单位}扣[6]□{凝固成冰}□{~眼：上眼皮较长的眼睛}
l	[1]□{fɤ2~fɤ2~：形容漂浮的样子}篓[2]□{~菜：一种蔬菜}偻{~佝}儿{~~戏戏：形容说话儿戏}捞楼[3]□{ɕia2fe1~：指在某方面很差劲的人}耳{文读}[5]诱{引诱动物}[6]□{~sɤ6：穿着脏破}漏
m	[3]亩
n	[1]□{~人：抓人}[2]□{稠}[3]□{用力地拽}纽纽{头~：杆秤上称较大重量的秤绳}
ph	[5]□{an5lan1~歇：趴着睡}
s	[1]搜{在袋子里寻找}馊[2]愁{~人：让人惊悚}[3][5]瘦秀{~坝：地名}[6]□{lɤ6~：穿着脏破}
t	[1]□{搬，抬}兜蔸[2]□{~lɤ子：一种小锣}[3]斗[5]閗{拼合}□{打~mu1：大伙凑钱一起聚餐}□{~裤头：裤腰肥大，需要将裤腰束紧往外翻卷一下的裤子}兜斗窦
th	[1]偷头敨{~气：呼吸}[2]头投[6]痘豆
ts	[1]周[3]走[5]绉{~带：像抹额的布带}
tsh	[1]□{添水}[3]□{按压}[5]凑
ŋ	[3]藕
∅	[1]□{~iɤ1le1：哎呦喂}[2]二{文读}[3]□{~iɤ1：表震惊}呕[5]□{~tɤ5：身上不干净}沤{浸泡；变质；催熟；烧水}
#ɤŋ	
f	[1]丰封峰枫缝蜂风空{灶~：灶膛}粉{~干：米粉}[2]红逢{结交}[5]缝{空~：缝隙}[6]凤奉缝蕻{上~：蔬菜开花}
h	[5]轰[6]□{物体撞击地面的声音}
k	[1]□{摇摇~~：勾肩搭背}公工拱汞蚣[2]□{拟声词}公[3]拱{phɔ2pɔ1~~：形容浮在水面上的样子}[5]供贡[6]□{大力撞击时比较洪亮的声音}
kh	[1]空[3]□{撅起屁股}[5]□{~鼻：打呼噜}空[6]□{撞击震动的拟声词}
l	[1]珑笼{鸡~}聋[2]□{伸手}垄砻窿笼隆[3]笼[5]□{打~kha5：下身没有遮盖任何衣物}洞窿[6]□{撞击震动的拟声词}唥
m	[1]懵{~懂：糊涂；~懂子：鸡的器官}[2]蒙[3]懵{糊涂}[6]懵{~ʦhɤŋ6：糊涂}梦
n	[2]鬞{头发乱}农脓[3]□{屙屎~根：脱肛}[5]□{打~：起皱}[6]□{皱；因挤压而突出或掉出}
p	[2]嘣{跳入水中的声音}[3]□{抱}蓬[6]□{白~~：形容覆盖着的雪或霜等白花花的样子}嘣{物体撞击地面的声音}蹦
ph	[1]□{被车撞}嘭{劈里啪啦的声音}[2]棚篷{风~：船帆}蓬
s	[1]松舂[5]送
t	[1]□{头顶着；覆盖在顶上}东冬咚[2]□{~~tɑŋ6tɑŋ6：说不着调或难听的话}[3]□{暗~~哩：形容很暗}咚{拟声}懂[5]冻岽{山顶，山坡}栋[6]咚{拟声}
th	[1]动[2]□{ka5la5~：指话多的男人}同桐童筒铜[3]桶熥筒[5]痛[6]动□{捅}洞
ts	[1]□{扭住别人胳膊，卡住脖子推搡}中宗棕终钟[3]□{只有，仅}总种肿[5]□{往下倒；头朝下掉落；往里塞}众种
tsh	[1]□{生~秆：第一季稻子脱粒后的秸秆}冲囱窗葱[2]从虫重[3]㧐{推}怂{鬼使神~：鬼使神差}[5]□{把婴儿抱在怀里摇晃或摇动摇篮}冲秤铳[6]□{mɤŋ6~：糊涂}重
v	[5]嗡瓮{带~：日月晕中的光环}蕹
∅	[2]□{~几：什么}[6]□{雷声的拟音}
#ɤʔ	
f	[7]福[8]伏服腹
k	[7]谷[8]□{~lɤʔ8~lɤʔ8:形容打嗝的样子和声音}
kh	[7]客
l	[7]□{~鱼子：捞鱼}熝{烫；用热水烫}摝{搅动}禄碌{~碡}[8]□{细~铁子：旧时家里做鞋时使用的熨鞋工具}
m	[7]木
n	[7]□{挪动}[8]□{生物动}
p	[7]□{花拉pɪʔ7~：形容颜色鲜艳多彩}[8]□{被虫子咬后皮肤上起的包}
ph	[7]覆{趴着}卜[8]□{楼~：天花板}伏{埋伏}□{风~：荨麻疹}□{~ku1子：布谷鸟}
s	[7]□{筛米，分离米与其他杂质}叔缩[8]熟
t	[7]□{刺}□{底}□{木~：形容反应、动作迟钝，不灵活}[8]□{~~子：一点点}
th	[8]毒读
ts	[7]□{塞入；用拳头打；~大雨：暴雨落下}嘱烛祝竹粥
tsh	[8]□{淹，呛水}族浊{~水：浑浊的水}碡{碌~}擉{上下抛动，甩动}
v	[7]屋[8]□{~lɤʔ8~lɤʔ8：形容脉搏等跳动的样子或声音}
#ɪn	
f	[1]分婚[2]□{~~吊吊：形容悬挂的样子}坟文{祝~}魂[3]粉[5]奋{甩}粪[6]份
m	[1]蚊[2]明民门鸣[3]冥悯{细想}[5]问[6]闷
p	[1]□{~屎：擦屁股}兵冰奔滨崩{泥土等大块滑落}[3]□{~屎：擦屁股}本柄[5]□{合在一起；靠着}并笨[6]□{~lin6pɤŋ6lɤŋ6：噼里啪啦}
ph	[1]拼[2]平瓶盆苹[3]品盆{香烛的量词}[6]□{哑~：形容人内向不爱说话}併
v	[1]温瘟[2]□{~thuin1：一种野菜}文炆[3]稳[5]□{~水：缓慢流经的水}[6]揾{翻滚，动来动去}
#ɪʔ	
f	[7]□{扔}[8]伏{~以：“圆屋”时，木匠唱赞歌前定先喊一声“伏以”}佛
m	[7]□{腐朽}脉[8]□{达到容器盛载极点；~鱼子：传统酒席上的一碗菜，水煮鱼或水煮“烧鱼子”}墨密没蜜蠛{蠛蠓}
p	[7]煏{~酒：用蒸馏的方法酿酒}□{用筷子或调羹搅拌}□{狐~：狐臭；黄~连：黄连}不北柏百{~子千孙，婚礼上的祝福语}笔[8]□{形容小}□{~poʔ8子：灯笼果}
ph	[8]□{~篮：体型大的无孔簸箕，旧时筛米时用于接米}
v	[7]□{扭伤；翻身或转动身体}□{绑成束的柴火}物[8]杌{旧时妇女做鞋底时用的方木凳，又“单凳”}□{~liʔ8~liʔ8：形容脉搏、灯光等跳动的样子}
#ɿ	
s	[1]是{用在句中稍作停顿，强调肯定后面的话}丝司尸师思撕梳狮饲鹚所{~sɛ6：地方}□{~liɔ6：非常宏伟}□{~hɛ1ʨhiɛʔ7：穿脏或穿坏的鞋}[2]□{~ŋa3：比沟瓦小的用于凸面朝上盖的瓦}时□{~ŋan3：患红眼病的眼睛}匙[3]使屎死[5]□{~背：背后}世[6]□{~len2pu5：一种蓝“洋布”，一般女性穿这种布制成的衣服}事似势{~子：趋向，状态}士寺巳市是柿氏示肆自{~家}莳{栽种}视豉
ts	[1]□{~ʨioʔ7子：指只在外闯荡几次，社会经验不足的人}□{~~laʔ7laʔ7：形容患红眼病后眼睛疼痛，分泌物多的感觉}之支肢资[3]之子指梓祉籽紫纸脂致趾[5]制志痣置至
tsh	[2]治{宰杀，拔毛}嗣慈瓷祠迟[3]齿[5]□{掰开}刺次[6]饲{喂：~饭}字痔自
#ŋ̩	
∅	[1][2]唔{否定词}[3]五唔{~几：什么}嗯梧{~桐}[5]□{回应呼喊的应答语}[6]□{拟词，物体撞击地面或打雷的声音}
#m	
∅	[5]姆{~妈：妈妈}
